2020-09-24 nBSQ in PMMA grosse Substrate INT
Wavelength (nm)	No1 5pct nBSQ	No2 1pct nBSQ	No3 0.5pct nBSQ
191.286987	0.008276	0.009766	0.010356	
192.884644	0.005851	0.005802	0.005790	
194.482346	0.004595	0.004260	0.004681	
196.080109	0.002940	0.003317	0.003316	
197.677933	0.002771	0.002689	0.002739	
199.275803	0.002131	0.002406	0.002341	
200.873734	0.002007	0.002026	0.002074	
202.471710	0.001684	0.001940	0.001876	
204.069748	0.001647	0.001903	0.001990	
205.667816	0.001589	0.001750	0.001591	
207.265961	0.001608	0.001354	0.001663	
208.864166	0.001411	0.001612	0.001553	
210.462372	0.001469	0.001642	0.001569	
212.060669	0.001472	0.001546	0.001589	
213.659012	0.001429	0.001529	0.001471	
215.257401	0.001415	0.001479	0.001569	
216.855835	0.001432	0.001502	0.001352	
218.454315	0.001448	0.001459	0.001435	
220.052856	0.001451	0.001605	0.001547	
221.651443	0.001304	0.001495	0.001369	
223.250046	0.001260	0.001312	0.001345	
224.848724	0.001178	0.001155	0.001280	
226.447433	0.001195	0.001346	0.001215	
228.046219	0.001146	0.001146	0.001208	
229.645020	0.001015	0.001151	0.001225	
231.243866	0.001095	0.001173	0.001154	
232.842773	0.001112	0.001048	0.001135	
234.441696	0.001087	0.001199	0.001129	
236.040695	0.000971	0.001059	0.001037	
237.639725	0.000975	0.001093	0.001139	
239.238800	0.000951	0.001096	0.001194	
240.837891	0.000923	0.001089	0.000954	
242.437042	0.001044	0.001142	0.001131	
244.036224	0.000988	0.001174	0.001203	
245.635468	0.001106	0.001133	0.001109	
247.234741	0.001258	0.001220	0.001257	
248.834061	0.001192	0.001237	0.001378	
250.433395	0.001243	0.001288	0.001343	
252.032791	0.001244	0.001398	0.001429	
253.632233	0.001558	0.001402	0.001369	
255.231689	0.001457	0.001578	0.001589	
256.831177	0.001634	0.001592	0.001597	
258.430725	0.001632	0.001708	0.001670	
260.030304	0.001779	0.001802	0.001822	
261.629913	0.001771	0.001909	0.001879	
263.229553	0.001978	0.001965	0.001869	
264.829254	0.001826	0.002136	0.002031	
266.428955	0.002106	0.002171	0.002122	
268.028687	0.001951	0.002124	0.002013	
269.628479	0.002245	0.002453	0.002398	
271.228302	0.002555	0.002311	0.002403	
272.828156	0.002508	0.002611	0.002665	
274.428040	0.002594	0.002643	0.002812	
276.027924	0.002769	0.002845	0.002919	
277.627869	0.003031	0.003060	0.002816	
279.227844	0.002908	0.003040	0.003202	
280.827820	0.003202	0.003059	0.002846	
282.427887	0.003194	0.003238	0.003120	
284.027924	0.003591	0.003218	0.003730	
285.628021	0.003569	0.003541	0.003586	
287.228119	0.004237	0.003935	0.003747	
288.828278	0.004804	0.004668	0.004441	
290.428436	0.006087	0.006348	0.006022	
292.028625	0.008131	0.008130	0.007660	
293.628876	0.010871	0.010992	0.010762	
295.229126	0.014876	0.014834	0.014577	
296.829407	0.020800	0.020542	0.020359	
298.429688	0.029345	0.029452	0.028642	
300.030029	0.039826	0.039652	0.039023	
301.630371	0.053611	0.053137	0.052494	
303.230743	0.071098	0.070436	0.069437	
304.831116	0.092670	0.091020	0.089932	
306.431580	0.116934	0.115657	0.114477	
308.032013	0.144693	0.143478	0.141747	
309.632446	0.175715	0.173808	0.171447	
311.232941	0.209435	0.207050	0.205520	
312.833435	0.245486	0.243594	0.240759	
314.433960	0.282148	0.280823	0.278118	
316.034485	0.319333	0.317771	0.314067	
317.635071	0.356456	0.354936	0.351444	
319.235657	0.393434	0.391914	0.388791	
320.836243	0.429445	0.428744	0.423540	
322.436859	0.464425	0.464886	0.459714	
324.037506	0.498173	0.497859	0.493902	
325.638153	0.520867	0.519903	0.518036	
327.238831	0.555669	0.557896	0.552806	
328.839508	0.581328	0.583266	0.576844	
330.440216	0.605546	0.606081	0.601398	
332.040924	0.628107	0.630199	0.625675	
333.641663	0.648942	0.652196	0.645407	
335.242371	0.667528	0.669783	0.665134	
336.843140	0.683721	0.688270	0.681358	
338.443909	0.700293	0.703477	0.697121	
340.044708	0.713726	0.717547	0.709489	
341.645477	0.725270	0.728749	0.722977	
343.246277	0.736417	0.739298	0.732920	
344.847107	0.746122	0.748284	0.742798	
346.447937	0.754056	0.756966	0.749566	
348.048767	0.761083	0.764121	0.755831	
349.649628	0.767852	0.769783	0.762463	
351.250488	0.772465	0.773978	0.767598	
352.851349	0.778054	0.779209	0.771994	
354.452209	0.780262	0.782491	0.774388	
356.053101	0.783993	0.786439	0.778571	
357.653992	0.786903	0.789824	0.782247	
359.254913	0.790454	0.792137	0.785929	
360.855804	0.792857	0.796589	0.788745	
362.456726	0.795633	0.799023	0.790788	
364.057648	0.799332	0.801686	0.793181	
365.658539	0.801979	0.803323	0.795735	
367.259460	0.807229	0.806445	0.797618	
368.860413	0.809309	0.808051	0.799158	
370.461365	0.811894	0.809142	0.800665	
372.062286	0.813747	0.811552	0.800980	
373.663239	0.815390	0.812151	0.802052	
375.264160	0.816090	0.811539	0.801550	
376.865112	0.816165	0.811621	0.801594	
378.466064	0.815113	0.810474	0.800306	
380.066986	0.815309	0.811315	0.801188	
381.667938	0.814310	0.810920	0.800668	
383.268890	0.814236	0.811135	0.801321	
384.869843	0.816043	0.812923	0.801826	
386.470795	0.816098	0.813482	0.803752	
388.071716	0.816810	0.815131	0.804721	
389.672668	0.818056	0.815751	0.806993	
391.273621	0.818860	0.817581	0.807108	
392.874573	0.819395	0.818986	0.808662	
394.475494	0.820290	0.819521	0.809747	
396.076416	0.822153	0.820995	0.810640	
397.677338	0.823238	0.821693	0.811619	
399.278259	0.823491	0.822843	0.813306	
400.879211	0.824870	0.823232	0.813104	
402.480103	0.825584	0.823592	0.813024	
404.080994	0.826449	0.824793	0.813976	
405.681915	0.827465	0.824995	0.814260	
407.282776	0.828234	0.826132	0.814596	
408.883667	0.828656	0.826214	0.814768	
410.484558	0.828306	0.826239	0.815786	
412.085388	0.828800	0.826385	0.815093	
413.686279	0.829370	0.826414	0.816044	
415.287109	0.829174	0.827611	0.816149	
416.888000	0.829656	0.826888	0.816419	
418.488831	0.829248	0.826951	0.817481	
420.089600	0.830152	0.827536	0.816474	
421.690430	0.830923	0.828875	0.816995	
423.291199	0.830328	0.829259	0.818141	
424.891998	0.831087	0.828671	0.817864	
426.492767	0.830982	0.829882	0.818139	
428.093567	0.832274	0.829527	0.818731	
429.694275	0.832527	0.830324	0.818433	
431.295013	0.833471	0.830039	0.819164	
432.895752	0.833713	0.830076	0.818923	
434.496429	0.833221	0.830963	0.819060	
436.097107	0.833963	0.830894	0.819872	
437.697815	0.834480	0.831737	0.819752	
439.298431	0.834432	0.831958	0.820605	
440.899078	0.835557	0.832112	0.820433	
442.499695	0.835562	0.832469	0.821330	
444.100281	0.836143	0.832936	0.821271	
445.700867	0.837104	0.833531	0.821357	
447.301453	0.837729	0.834040	0.822422	
448.902008	0.838767	0.834576	0.822545	
450.502533	0.838967	0.834761	0.822863	
452.103027	0.839583	0.835444	0.823522	
453.703522	0.840029	0.835976	0.824295	
455.303955	0.840941	0.836191	0.824593	
456.904388	0.841589	0.836567	0.823920	
458.504822	0.841768	0.836506	0.825309	
460.105225	0.842960	0.837041	0.825573	
461.705627	0.843791	0.837326	0.825960	
463.305969	0.843874	0.838072	0.826154	
464.906311	0.844627	0.838462	0.826348	
466.506592	0.846071	0.838989	0.827394	
468.106873	0.845842	0.839264	0.827217	
469.707123	0.847200	0.839356	0.827077	
471.307373	0.847030	0.839454	0.828245	
472.907562	0.848379	0.839726	0.828012	
474.507721	0.848809	0.840119	0.828599	
476.107849	0.849343	0.840348	0.829565	
477.708008	0.850002	0.840561	0.829448	
479.308105	0.850480	0.841089	0.829449	
480.908142	0.851234	0.841795	0.829743	
482.508209	0.851114	0.841963	0.830264	
484.108215	0.852101	0.842304	0.830462	
485.708160	0.852357	0.842828	0.830862	
487.308105	0.851985	0.843079	0.831051	
488.908051	0.853027	0.843609	0.831675	
490.507904	0.853241	0.842737	0.831716	
492.107758	0.853339	0.843658	0.832583	
493.707581	0.853511	0.843895	0.832531	
495.307373	0.853507	0.844725	0.832662	
496.907135	0.853913	0.844589	0.832595	
498.506836	0.853315	0.844945	0.833120	
500.106537	0.853059	0.845162	0.833789	
501.706207	0.852991	0.845407	0.834329	
503.305817	0.853445	0.845798	0.834717	
504.905365	0.852456	0.846228	0.834977	
506.504944	0.851839	0.845989	0.835558	
508.104431	0.851876	0.846411	0.835361	
509.703918	0.851184	0.846208	0.835641	
511.303314	0.850537	0.846313	0.835550	
512.902710	0.849955	0.847047	0.836394	
514.502075	0.848611	0.847146	0.836618	
516.101440	0.848424	0.846845	0.836269	
517.700684	0.847445	0.847009	0.836431	
519.299927	0.846408	0.847582	0.836994	
520.899109	0.845333	0.847194	0.837288	
522.498230	0.844431	0.847601	0.838025	
524.097351	0.843070	0.848013	0.837694	
525.696411	0.841872	0.847461	0.837658	
527.295532	0.839672	0.847933	0.837908	
528.894470	0.837841	0.847783	0.837964	
530.493408	0.835681	0.847202	0.838650	
532.092346	0.834079	0.846838	0.837879	
533.691223	0.830763	0.846940	0.838149	
535.289978	0.827861	0.845903	0.838585	
536.888794	0.824587	0.846224	0.838672	
538.487488	0.821849	0.845721	0.838255	
540.086182	0.818314	0.844899	0.837909	
541.684814	0.814513	0.844140	0.838104	
543.283386	0.810806	0.843867	0.837779	
544.881958	0.805962	0.842887	0.837073	
546.480408	0.801275	0.842146	0.836993	
548.078857	0.797746	0.841489	0.837039	
549.677246	0.792737	0.840973	0.837140	
551.275574	0.787433	0.839603	0.836945	
552.873901	0.782131	0.839185	0.837390	
554.472107	0.776586	0.837776	0.836763	
556.070374	0.771055	0.836796	0.835779	
557.668457	0.764783	0.835977	0.835859	
559.266541	0.759048	0.835277	0.835744	
560.864624	0.751806	0.833607	0.834788	
562.462585	0.745232	0.832604	0.834885	
564.060547	0.737656	0.831540	0.834449	
565.658386	0.729669	0.829409	0.834112	
567.256226	0.721073	0.827452	0.832867	
568.854004	0.711544	0.825616	0.832832	
570.451721	0.701459	0.822956	0.831851	
572.049438	0.691182	0.820218	0.830854	
573.647034	0.679801	0.817463	0.829979	
575.244507	0.668227	0.814269	0.828464	
576.842041	0.655440	0.810648	0.827777	
578.439514	0.642400	0.806903	0.825434	
580.036865	0.628603	0.802275	0.823865	
581.634155	0.614798	0.797615	0.821936	
583.231445	0.599443	0.792314	0.820234	
584.828674	0.584351	0.787661	0.818113	
586.425781	0.568951	0.781905	0.815464	
588.022888	0.552994	0.776682	0.812744	
589.619934	0.537479	0.770480	0.810437	
591.216919	0.522020	0.764022	0.808130	
592.813782	0.506330	0.757916	0.805419	
594.410583	0.491335	0.752976	0.803188	
596.007385	0.477177	0.747493	0.800751	
597.604126	0.463434	0.742584	0.798537	
599.200806	0.450691	0.737827	0.797052	
600.797363	0.438871	0.733173	0.795578	
602.393921	0.428909	0.729469	0.794808	
603.990356	0.419872	0.726145	0.792850	
605.586731	0.412023	0.723157	0.791931	
607.183044	0.405656	0.720241	0.791414	
608.779297	0.400141	0.717218	0.790716	
610.375549	0.395274	0.714922	0.788875	
611.971619	0.390839	0.711475	0.787673	
613.567749	0.386886	0.707384	0.785910	
615.163696	0.382019	0.702254	0.783039	
616.759644	0.376016	0.696487	0.779776	
618.355469	0.368732	0.689018	0.775566	
619.951294	0.359734	0.679855	0.770307	
621.546997	0.348651	0.669622	0.764016	
623.142639	0.336172	0.656712	0.757793	
624.738220	0.321702	0.642281	0.749451	
626.333740	0.305934	0.626326	0.740097	
627.929138	0.289405	0.608672	0.729965	
629.524536	0.271827	0.589253	0.718208	
631.119812	0.254744	0.568685	0.705376	
632.715027	0.237244	0.547622	0.692109	
634.310181	0.220737	0.525594	0.676988	
635.905212	0.205359	0.502855	0.661559	
637.500244	0.190773	0.480375	0.645982	
639.095154	0.177764	0.459325	0.630281	
640.690002	0.166074	0.439157	0.614821	
642.284790	0.155963	0.421087	0.600854	
643.879456	0.147246	0.405022	0.588183	
645.474060	0.140311	0.391747	0.577110	
647.068604	0.134896	0.381751	0.567873	
648.663086	0.131055	0.375146	0.562150	
650.257446	0.129026	0.371902	0.559632	
651.851746	0.128730	0.372785	0.560765	
653.445984	0.130318	0.377718	0.565121	
655.040161	0.134142	0.388254	0.574147	
656.634155	0.140004	0.402468	0.586537	
658.228149	0.146517	0.417329	0.598919	
659.822083	0.154711	0.434743	0.612788	
661.415894	0.166825	0.459738	0.631650	
663.009644	0.182968	0.489697	0.653545	
664.603333	0.200874	0.519796	0.674915	
666.196899	0.221105	0.550114	0.695965	
667.790405	0.244267	0.581979	0.716541	
669.383789	0.269887	0.612976	0.735548	
670.977112	0.297995	0.642365	0.752747	
672.570374	0.328191	0.670456	0.768487	
674.163452	0.359386	0.696179	0.781477	
675.756531	0.392618	0.719630	0.793627	
677.349548	0.425665	0.739797	0.803291	
678.942444	0.459519	0.757727	0.811997	
680.535278	0.492920	0.773575	0.818910	
682.127991	0.525201	0.786918	0.824340	
683.720581	0.556670	0.798196	0.829294	
685.313110	0.585847	0.807444	0.832900	
686.905640	0.614177	0.815901	0.836900	
688.497925	0.639084	0.821679	0.838430	
690.090210	0.662603	0.827183	0.840547	
691.682434	0.684005	0.831350	0.842132	
693.274536	0.703081	0.835792	0.843085	
694.866516	0.719943	0.838351	0.844786	
696.458435	0.735571	0.841035	0.845879	
698.050232	0.748803	0.843238	0.845749	
699.641968	0.760622	0.845215	0.846209	
701.233582	0.770851	0.846600	0.846713	
702.825134	0.780106	0.848001	0.847228	
704.416626	0.788641	0.849265	0.847644	
706.007935	0.796429	0.850292	0.848364	
707.599243	0.802848	0.850642	0.848785	
709.190369	0.807999	0.851571	0.848122	
710.781433	0.813435	0.852625	0.848373	
712.372437	0.818432	0.853481	0.848921	
713.963257	0.822069	0.854444	0.848445	
715.554077	0.826395	0.854103	0.847945	
717.144714	0.829477	0.855062	0.848542	
718.735291	0.833013	0.855128	0.848637	
720.325806	0.835720	0.855409	0.848607	
721.916138	0.838929	0.855598	0.848571	
723.506470	0.840426	0.855733	0.849138	
725.096619	0.841382	0.855795	0.848759	
726.686646	0.844034	0.856783	0.848629	
728.276672	0.845548	0.856936	0.847927	
729.866577	0.846724	0.856536	0.847734	
731.456299	0.848690	0.856356	0.848354	
733.046021	0.850024	0.857466	0.848098	
734.635559	0.851210	0.858275	0.847644	
736.224976	0.851922	0.857910	0.847728	
737.814331	0.853767	0.857855	0.847924	
739.403625	0.854434	0.858125	0.848005	
740.992798	0.854864	0.857553	0.848053	
742.581848	0.855649	0.857471	0.847618	
744.170776	0.856381	0.857542	0.847643	
745.759644	0.856657	0.857722	0.847622	
747.348328	0.856632	0.857828	0.846710	
748.936951	0.857779	0.857179	0.847124	
750.525513	0.858169	0.857932	0.847298	
752.113892	0.858286	0.857747	0.846331	
753.702148	0.859090	0.857485	0.847612	
755.290344	0.859991	0.858149	0.846749	
756.878418	0.860228	0.858731	0.846769	
758.466431	0.860024	0.858968	0.846626	
760.054260	0.860354	0.857772	0.846642	
761.641968	0.861424	0.858465	0.846278	
763.229614	0.861460	0.857581	0.846866	
764.817139	0.860779	0.857774	0.846825	
766.404541	0.861273	0.857616	0.846452	
767.991821	0.861790	0.856984	0.845670	
769.579041	0.861200	0.857655	0.846217	
771.166138	0.861329	0.856795	0.845684	
772.753052	0.861395	0.856925	0.846279	
774.339905	0.862145	0.857250	0.845579	
775.926636	0.861497	0.856881	0.845566	
777.513245	0.861421	0.856976	0.845407	
779.099731	0.861676	0.857192	0.846103	
780.686157	0.861968	0.857190	0.845889	
782.272339	0.861995	0.856948	0.846073	
783.858521	0.862634	0.856856	0.846576	
785.444519	0.862367	0.856119	0.846337	
787.030457	0.863247	0.857055	0.846232	
788.616211	0.861780	0.856441	0.845514	
790.201904	0.862361	0.856473	0.845327	
791.787476	0.861657	0.856855	0.845420	
793.372864	0.862453	0.855972	0.845121	
794.958191	0.862650	0.856034	0.845156	
796.543335	0.862338	0.855295	0.845828	
798.128418	0.862281	0.855111	0.845303	
799.713379	0.862288	0.855058	0.845868	
801.298218	0.862411	0.855589	0.845067	
802.882874	0.861558	0.854931	0.845750	
804.467468	0.862341	0.855388	0.844829	
806.051880	0.861150	0.855411	0.845221	
807.636230	0.861608	0.854556	0.845208	
809.220398	0.861693	0.854542	0.844847	
810.804504	0.861977	0.854448	0.844940	
812.388428	0.861724	0.853395	0.845178	
813.972290	0.862111	0.854075	0.844830	
815.555969	0.860826	0.854472	0.845673	
817.139526	0.860604	0.854499	0.845197	
818.722961	0.861711	0.853597	0.844346	
820.306274	0.861866	0.854007	0.845494	
821.889465	0.861557	0.854054	0.844904	
823.472473	0.861336	0.853768	0.844904	
825.055481	0.861662	0.853884	0.844575	
826.638184	0.860856	0.853631	0.844577	
828.220886	0.860935	0.853610	0.845048	
829.803406	0.861504	0.853093	0.844649	
831.385864	0.860668	0.853024	0.844902	
832.968079	0.860965	0.852826	0.844877	
834.550171	0.860314	0.852775	0.845081	
836.132202	0.860635	0.853348	0.844902	
837.714050	0.861185	0.852287	0.844979	
839.295776	0.860949	0.852106	0.844727	
840.877441	0.860987	0.852889	0.845398	
842.458862	0.860579	0.852178	0.844354	
844.040222	0.860346	0.852214	0.845906	
845.621399	0.860133	0.851724	0.845050	
847.202454	0.860380	0.852189	0.845044	
848.783386	0.859607	0.851989	0.845107	
850.364136	0.859589	0.852042	0.844703	
851.944824	0.860448	0.851414	0.844884	
853.525269	0.860576	0.851193	0.844916	
855.105652	0.860202	0.851633	0.844301	
856.685913	0.859974	0.851553	0.844936	
858.265991	0.859987	0.850781	0.844814	
859.846008	0.858939	0.850460	0.844884	
861.425781	0.859228	0.851512	0.846005	
863.005493	0.859642	0.851842	0.845682	
864.584961	0.859361	0.850622	0.844339	
866.164368	0.860025	0.850023	0.845049	
867.743530	0.858770	0.851641	0.845702	
869.322632	0.858753	0.851391	0.845127	
870.901672	0.858705	0.850639	0.845617	
872.480469	0.858739	0.849135	0.845740	
874.059082	0.858741	0.851869	0.844951	
875.637573	0.858411	0.849556	0.845682	
877.216003	0.859771	0.850068	0.846090	
878.794250	0.858799	0.850034	0.845181	
880.372375	0.858609	0.850322	0.845279	
881.950317	0.858877	0.849393	0.846140	
883.528137	0.858859	0.849683	0.845982	
885.105774	0.857804	0.849344	0.845514	
886.683228	0.858437	0.849576	0.845621	
888.260559	0.858363	0.848910	0.846024	
889.837769	0.859086	0.849607	0.845601	
891.414856	0.858066	0.849778	0.846707	
892.991699	0.859345	0.849996	0.846121	
894.568481	0.858854	0.849266	0.846460	
896.145142	0.858466	0.849150	0.846723	
897.721497	0.858518	0.849331	0.845201	
899.297852	0.856975	0.849230	0.844931	
900.873901	0.857151	0.849081	0.846048	
902.450012	0.858105	0.848920	0.845895	
904.025757	0.857092	0.847550	0.845353	
905.601440	0.857417	0.848286	0.845800	
907.177063	0.857267	0.848568	0.846417	
908.752319	0.857414	0.848904	0.845316	
910.327637	0.857327	0.849653	0.846978	
911.902649	0.856634	0.849375	0.845410	
913.477661	0.856467	0.848827	0.846477	
915.052368	0.856957	0.850144	0.846161	
916.626953	0.857806	0.850297	0.845889	
918.201355	0.856741	0.848060	0.846280	
919.775696	0.856709	0.849536	0.845773	
921.349792	0.856862	0.850051	0.846826	
922.923706	0.857167	0.848695	0.847831	
924.497559	0.857552	0.848963	0.845635	
926.071167	0.856388	0.848956	0.845741	
927.644714	0.856354	0.849047	0.845778	
929.218079	0.857775	0.848900	0.846878	
930.791199	0.857180	0.850014	0.846948	
932.364136	0.855806	0.849605	0.846325	
933.937012	0.856799	0.848936	0.846052	
935.509644	0.856425	0.849161	0.846554	
937.082214	0.857714	0.848297	0.846451	
938.654602	0.856914	0.849234	0.846826	
940.226746	0.857163	0.848298	0.845953	
941.798828	0.855412	0.848952	0.845481	
943.370605	0.855158	0.848694	0.846426	
944.942383	0.858379	0.848709	0.845746	
946.513855	0.857841	0.848064	0.847015	
948.085266	0.854700	0.847938	0.846325	
949.656433	0.856959	0.851730	0.846243	
951.227417	0.854977	0.849088	0.845827	
952.798340	0.855585	0.847712	0.845090	
954.369019	0.857238	0.849154	0.847186	
955.939575	0.854506	0.848594	0.845603	
957.509888	0.853438	0.848354	0.844439	
959.080078	0.855581	0.849294	0.846101	
960.650085	0.855728	0.850717	0.847925	
962.219910	0.856812	0.849735	0.847854	
963.789551	0.856308	0.850130	0.845471	
965.359070	0.854655	0.848710	0.846086	
966.928406	0.854330	0.848664	0.847018	
968.497559	0.854422	0.849225	0.847630	
970.066589	0.854534	0.849599	0.845809	
971.635376	0.855669	0.848705	0.845524	
973.203979	0.854708	0.848913	0.846366	
974.772461	0.853976	0.849176	0.846058	
976.340698	0.854858	0.849927	0.846448	
977.908875	0.856443	0.848858	0.845865	
979.476868	0.855205	0.849045	0.845889	
981.044556	0.855324	0.849242	0.844745	
982.612183	0.855183	0.848971	0.846338	
984.179565	0.855066	0.848596	0.845659	
985.746765	0.855040	0.849747	0.846355	
987.313843	0.853856	0.851529	0.846951	
988.880737	0.855446	0.849878	0.846759	
990.447449	0.855970	0.849850	0.846778	
992.013977	0.855160	0.850832	0.847249	
993.580261	0.854684	0.848016	0.846417	
995.146362	0.855337	0.849469	0.845879	
996.712402	0.856314	0.849683	0.846404	
998.278198	0.855375	0.849656	0.846289	
999.843872	0.854579	0.849848	0.847414	
1013.384583	0.856323	0.852559	0.851246	
1016.809387	0.856330	0.849912	0.848050	
1020.234192	0.860244	0.853022	0.848120	
1023.658997	0.857966	0.854039	0.850174	
1027.083740	0.857429	0.853934	0.848115	
1030.508545	0.861246	0.854218	0.849006	
1033.933350	0.859125	0.854131	0.848140	
1037.358154	0.858563	0.852808	0.847490	
1040.782959	0.858831	0.854164	0.849042	
1044.207764	0.860580	0.854838	0.848597	
1047.632568	0.858140	0.855116	0.849210	
1051.057373	0.859645	0.855046	0.848499	
1054.482300	0.859883	0.856994	0.849772	
1057.907227	0.861180	0.856811	0.849285	
1061.332153	0.860371	0.857791	0.851403	
1064.757080	0.858255	0.857187	0.851126	
1068.182007	0.859987	0.856124	0.848693	
1071.607178	0.860029	0.856001	0.848904	
1075.032104	0.861089	0.857614	0.849143	
1078.457275	0.858531	0.856984	0.849010	
1081.882446	0.856881	0.856947	0.849420	
1085.307739	0.853523	0.854901	0.851334	
1088.732910	0.856764	0.855162	0.848141	
1092.158325	0.859634	0.857698	0.847484	
1095.583740	0.858943	0.859455	0.850936	
1099.009033	0.859294	0.857776	0.848535	
1102.434692	0.859899	0.857695	0.850593	
1105.860229	0.860684	0.857547	0.850709	
1109.285889	0.861101	0.859836	0.850973	
1112.711670	0.858971	0.858145	0.850002	
1116.137451	0.859907	0.858044	0.849458	
1119.563354	0.859922	0.858773	0.850101	
1122.989380	0.857813	0.857966	0.850477	
1126.415405	0.858044	0.859192	0.852575	
1129.841553	0.858025	0.859574	0.850600	
1133.267944	0.860458	0.858396	0.850798	
1136.694336	0.862877	0.860721	0.850970	
1140.120850	0.860598	0.859705	0.852287	
1143.547363	0.859988	0.860823	0.851856	
1146.973999	0.862179	0.862352	0.851446	
1150.400879	0.863334	0.863720	0.852866	
1153.827881	0.860779	0.861493	0.854513	
1157.254883	0.859790	0.860999	0.853861	
1160.682007	0.861097	0.861428	0.852971	
1164.109375	0.861382	0.861002	0.853534	
1167.536743	0.861525	0.861244	0.853021	
1170.964355	0.861418	0.862092	0.853451	
1174.391968	0.862272	0.863227	0.853134	
1177.819824	0.862360	0.863806	0.853979	
1181.247803	0.861587	0.863006	0.854234	
1184.676025	0.862946	0.864048	0.856052	
1188.104248	0.861923	0.864250	0.856101	
1191.532593	0.864302	0.864333	0.856137	
1194.961182	0.863581	0.863215	0.855737	
1198.389893	0.861701	0.863751	0.856109	
1201.818848	0.863459	0.863299	0.855947	
1205.247925	0.864667	0.865665	0.857197	
1208.677246	0.861565	0.863977	0.857608	
1212.106689	0.865536	0.865679	0.855775	
1215.536255	0.863847	0.865112	0.858125	
1218.965942	0.866337	0.867097	0.858889	
1222.395874	0.862324	0.865660	0.859469	
1225.826050	0.863194	0.863729	0.857517	
1229.256348	0.864668	0.864610	0.857762	
1232.686890	0.863077	0.865808	0.859710	
1236.117554	0.865773	0.867816	0.858899	
1239.548462	0.866805	0.868765	0.861066	
1242.979614	0.866909	0.868272	0.861018	
1246.410889	0.867465	0.869132	0.861794	
1249.842407	0.864781	0.868413	0.861844	
1253.274170	0.866331	0.867036	0.859381	
1256.706055	0.866747	0.868726	0.861952	
1260.138306	0.865589	0.867295	0.861218	
1263.570557	0.867368	0.869350	0.862311	
1267.003174	0.866771	0.868192	0.862077	
1270.436157	0.867478	0.868001	0.860339	
1273.869141	0.870166	0.870428	0.863273	
1277.302490	0.866234	0.869534	0.864525	
1280.736084	0.869630	0.871279	0.864382	
1284.169678	0.868205	0.870813	0.864519	
1287.603760	0.864913	0.868492	0.863871	
1291.038086	0.867620	0.870221	0.864109	
1294.472534	0.869738	0.871461	0.864978	
1297.907349	0.869843	0.871258	0.865909	
1301.342407	0.870261	0.870657	0.866233	
1304.777588	0.867896	0.869202	0.865288	
1308.213257	0.867715	0.869491	0.865769	
1311.649048	0.868920	0.871289	0.867463	
1315.085205	0.869415	0.870648	0.867007	
1318.521484	0.870153	0.870387	0.868905	
1321.958130	0.871554	0.870838	0.868415	
1325.395142	0.867600	0.868786	0.866899	
1328.832275	0.869976	0.870832	0.866925	
1332.269775	0.871161	0.870776	0.867544	
1335.707520	0.870182	0.870796	0.867848	
1339.145630	0.870732	0.871037	0.868534	
1342.583984	0.871468	0.872752	0.869086	
1346.022705	0.873736	0.873417	0.871060	
1349.461670	0.873146	0.870992	0.868292	
1352.900879	0.870421	0.870698	0.869469	
1356.340576	0.871797	0.874674	0.871063	
1359.780396	0.871310	0.872960	0.872272	
1363.220581	0.875254	0.872640	0.870834	
1366.661133	0.874397	0.873922	0.870208	
1370.101929	0.872685	0.875507	0.871880	
1373.543213	0.874553	0.872503	0.871719	
1376.984619	0.875532	0.873798	0.873456	
1380.426514	0.876111	0.873617	0.872258	
1383.868652	0.877980	0.876171	0.874332	
1387.311279	0.876544	0.873356	0.875095	
1390.754150	0.872193	0.874036	0.875129	
1394.197266	0.873122	0.873207	0.875128	
1397.640869	0.878745	0.874854	0.874787	
1401.084717	0.876231	0.874162	0.874463	
1404.529053	0.877872	0.876062	0.875663	
1407.973511	0.874487	0.875505	0.874944	
1411.418579	0.875595	0.874753	0.874697	
1414.863892	0.876366	0.874251	0.875644	
1418.309570	0.875931	0.877311	0.877918	
1421.755615	0.876822	0.876026	0.875581	
1425.202148	0.878822	0.877379	0.878730	
1428.648926	0.878062	0.876801	0.877456	
1432.096191	0.878571	0.877799	0.878632	
1435.543701	0.876759	0.877275	0.877720	
1438.991821	0.877106	0.877915	0.879221	
1442.440186	0.879413	0.878051	0.877121	
1445.888916	0.884328	0.880214	0.882119	
1449.338135	0.881043	0.878921	0.879994	
1452.787598	0.883189	0.883916	0.883026	
1456.237549	0.881596	0.879223	0.882039	
1459.687988	0.884150	0.881028	0.882797	
1463.138794	0.881410	0.877375	0.878029	
1466.589966	0.884932	0.881363	0.883448	
1470.041626	0.879723	0.879474	0.883462	
1473.493652	0.882254	0.880558	0.884879	
1476.946045	0.880061	0.878795	0.881515	
1480.399048	0.881448	0.881664	0.885692	
1483.852295	0.881088	0.880401	0.882750	
1487.306030	0.883256	0.880530	0.883623	
1490.760254	0.885286	0.881474	0.883688	
1494.214844	0.885893	0.883834	0.887957	
1497.669922	0.883928	0.878466	0.881899	
1501.125488	0.884941	0.883322	0.886284	
1504.581421	0.887802	0.881876	0.883517	
1508.037842	0.885082	0.882550	0.885356	
1511.494751	0.880681	0.881402	0.885140	
1514.952026	0.885323	0.882814	0.883740	
1518.409912	0.887438	0.882115	0.883314	
1521.868164	0.888495	0.885017	0.889149	
1525.326904	0.885591	0.881176	0.884918	
1528.786011	0.889904	0.884947	0.887222	
1532.245728	0.885764	0.880881	0.886492	
1535.705811	0.887586	0.883880	0.887932	
1539.166504	0.888274	0.884532	0.885693	
1542.627686	0.886286	0.883516	0.886415	
1546.089233	0.887806	0.885286	0.888486	
1549.551392	0.888270	0.886134	0.889971	
1553.013916	0.888386	0.887193	0.890703	
1556.477051	0.890734	0.887264	0.890150	
1559.940674	0.890937	0.887670	0.888831	
1563.404785	0.886342	0.884553	0.888599	
1566.869385	0.893640	0.888563	0.889419	
1570.334595	0.892271	0.888227	0.891933	
1573.800171	0.890632	0.886142	0.890048	
1577.266357	0.891640	0.888887	0.893645	
1580.733032	0.885483	0.884746	0.892139	
1584.200195	0.890419	0.885607	0.891547	
1587.667969	0.890173	0.883473	0.886201	
1591.136230	0.894372	0.888881	0.890930	
1594.604980	0.887921	0.885262	0.889089	
1598.074341	0.891608	0.888010	0.892543	
1601.544189	0.890034	0.885807	0.891573	
1605.014648	0.892541	0.888283	0.890125	
1608.485596	0.892628	0.886150	0.890392	
1611.957153	0.895721	0.889740	0.891831	
1615.429199	0.895552	0.889459	0.889774	
1618.901855	0.894729	0.889428	0.890138	
1622.375000	0.890770	0.886807	0.893210	
1625.848877	0.891859	0.888975	0.891697	
1629.323120	0.895301	0.889350	0.894222	
1632.797974	0.894910	0.891559	0.893831	
1636.273438	0.893234	0.888229	0.892788	
1639.749390	0.896071	0.891626	0.892909	
1643.226196	0.893116	0.888123	0.891715	
1646.703369	0.892836	0.888570	0.893450	
1650.181030	0.892335	0.885247	0.891920	
1653.659546	0.891176	0.885171	0.891934	
1657.138428	0.896081	0.890937	0.897165	
1660.617920	0.892469	0.887358	0.886787	
1664.098267	0.893194	0.888044	0.891990	
1667.578857	0.893867	0.891248	0.891240	
1671.060303	0.894124	0.888238	0.889240	
1674.542358	0.896529	0.892823	0.895251	
1678.025024	0.897258	0.892297	0.896776	
1681.508179	0.903280	0.894756	0.898893	
1684.991943	0.899472	0.891710	0.891582	
1688.476563	0.899385	0.897506	0.901343	