SQIB isotropic	n	k	e1	e2												
300.14899	1.50768	0.02354	2.27255	0.07099
301.74915	1.51481	0.02713	2.29393	0.08219
303.34934	1.51894	0.02729	2.30644	0.0829
304.94955	1.51957	0.02591	2.30841	0.07873
306.54983	1.51688	0.0247	2.30033	0.07494
308.15015	1.51181	0.02528	2.28492	0.07645
309.75046	1.50631	0.02831	2.26817	0.0853
311.35086	1.50173	0.03298	2.2541	0.09906
312.95123	1.49857	0.03838	2.24424	0.11503
314.5517	1.49691	0.04365	2.23883	0.13067
316.15216	1.49639	0.04799	2.23687	0.14363
317.75269	1.49615	0.05112	2.23587	0.15296
319.35321	1.49567	0.05336	2.23418	0.15962
320.9538	1.49473	0.05508	2.23119	0.16466
322.55438	1.4933	0.05661	2.22674	0.16906
324.15503	1.49148	0.05826	2.22111	0.17378
325.75568	1.48957	0.06021	2.21518	0.17937
327.35638	1.48782	0.06236	2.20971	0.18556
328.95709	1.48633	0.06459	2.20499	0.192
330.55786	1.48513	0.06677	2.20115	0.19833
332.15863	1.48422	0.0688	2.19818	0.20422
333.75943	1.48355	0.07057	2.19593	0.20938
335.36026	1.48302	0.07204	2.19415	0.21368
336.96112	1.48257	0.07321	2.19265	0.21707
338.56201	1.48214	0.07406	2.19127	0.21953
340.1629	1.48169	0.07458	2.18984	0.22102
341.76385	1.48113	0.07479	2.18814	0.22153
343.36481	1.48035	0.07467	2.18585	0.22108
344.96576	1.47924	0.07436	2.18262	0.21999
346.56677	1.47778	0.07398	2.17836	0.21866
348.16779	1.47598	0.07368	2.1731	0.2175
349.76886	1.47391	0.07357	2.167	0.21687
351.3699	1.47167	0.07376	2.16036	0.21711
352.97101	1.46944	0.07435	2.15374	0.2185
354.57208	1.46748	0.07522	2.14782	0.22078
356.17322	1.46585	0.07622	2.14291	0.22346
357.77435	1.4646	0.07718	2.13908	0.22608
359.37552	1.46368	0.07795	2.13628	0.2282
360.97668	1.46303	0.0784	2.13432	0.22939
362.57788	1.46252	0.07838	2.1328	0.22927
364.17911	1.46189	0.07788	2.13107	0.22771
365.78033	1.46101	0.07701	2.12861	0.22502
367.38156	1.45978	0.07589	2.12519	0.22156
368.98285	1.45818	0.07463	2.12071	0.21765
370.58411	1.45619	0.07335	2.11512	0.21362
372.18536	1.45386	0.07214	2.1085	0.20975
373.78668	1.45121	0.07109	2.10097	0.20634
375.388	1.44836	0.07026	2.09281	0.20354
376.98932	1.44536	0.06966	2.08422	0.20136
378.59064	1.44226	0.06927	2.07533	0.19981
380.19199	1.43911	0.0691	2.06627	0.19889
381.79336	1.43594	0.06916	2.05714	0.19861
383.39471	1.43279	0.06943	2.04806	0.19896
384.99609	1.42971	0.06992	2.03918	0.19994
386.59747	1.42678	0.07062	2.03071	0.20151
388.19885	1.42405	0.07144	2.02281	0.20348
389.80023	1.42154	0.07233	2.01556	0.20563
391.40167	1.41926	0.07319	2.00894	0.20776
393.00308	1.41718	0.07398	2.00293	0.20969
394.60449	1.41528	0.07462	1.99744	0.21122
396.2059	1.41349	0.07506	1.99234	0.21219
397.80731	1.41176	0.07524	1.98741	0.21243
399.40875	1.40995	0.07515	1.98232	0.21191
401.01019	1.40798	0.07486	1.97681	0.21081
402.61163	1.40582	0.07444	1.97078	0.20929
404.21307	1.40343	0.07394	1.96414	0.20754
405.81451	1.40082	0.07343	1.9569	0.20572
407.41596	1.39799	0.07296	1.94905	0.20399
409.0174	1.39496	0.07258	1.94066	0.20249
410.61883	1.39178	0.07234	1.93182	0.20138
412.22028	1.38851	0.07228	1.92272	0.20073
413.82172	1.3852	0.07238	1.91355	0.20052
415.42316	1.3819	0.07261	1.90439	0.20067
417.0246	1.37863	0.07293	1.89531	0.20108
418.62604	1.3754	0.07333	1.88634	0.20171
420.22745	1.3722	0.07377	1.8775	0.20247
421.82892	1.36905	0.07425	1.86878	0.2033
423.43033	1.36593	0.07472	1.86017	0.20413
425.03174	1.36283	0.07518	1.85165	0.20491
426.63315	1.35972	0.07561	1.84313	0.2056
428.23456	1.3566	0.076	1.83457	0.20621
429.83594	1.35343	0.07638	1.82594	0.20674
431.43735	1.35022	0.07673	1.8172	0.20722
433.03873	1.34695	0.07708	1.80834	0.20765
434.64008	1.34363	0.07742	1.79935	0.20805
436.24145	1.34024	0.07776	1.79021	0.20843
437.84283	1.3368	0.0781	1.78092	0.2088
439.44418	1.33328	0.07845	1.77148	0.20918
441.0455	1.32969	0.0788	1.76186	0.20957
442.64682	1.32603	0.07918	1.75207	0.20999
444.24814	1.32229	0.07958	1.74211	0.21047
445.84946	1.31847	0.08002	1.73197	0.21101
447.45074	1.31459	0.0805	1.72166	0.21164
449.052	1.31064	0.08102	1.7112	0.21237
450.65326	1.30662	0.0816	1.7006	0.21323
452.25455	1.30255	0.08223	1.68989	0.21422
453.85577	1.29844	0.08293	1.67908	0.21537
455.45697	1.29431	0.08371	1.66823	0.21668
457.0582	1.29017	0.08455	1.65739	0.21817
458.65936	1.28607	0.08545	1.64667	0.21979
460.26056	1.28202	0.08637	1.63613	0.22146
461.86166	1.27804	0.08727	1.62578	0.22306
463.46283	1.27411	0.0881	1.61561	0.22449
465.0639	1.27023	0.08883	1.60559	0.22567
466.66504	1.26636	0.08943	1.59568	0.22651
468.26611	1.26249	0.08986	1.58582	0.22691
469.86713	1.25859	0.0901	1.57592	0.22679
471.46817	1.2546	0.0901	1.5659	0.22609
473.06918	1.25048	0.08985	1.55563	0.22471
474.67017	1.24616	0.08931	1.54493	0.22259
476.27115	1.24153	0.0885	1.53356	0.21976
477.87207	1.23652	0.08748	1.52134	0.21635
479.47299	1.2311	0.0863	1.50816	0.21248
481.07388	1.22523	0.085	1.49396	0.2083
482.67474	1.21888	0.08365	1.47867	0.20393
484.27557	1.21204	0.08229	1.46228	0.19948
485.8764	1.2047	0.08097	1.44476	0.19508
487.4772	1.19686	0.07973	1.42611	0.19084
489.07794	1.18849	0.07861	1.40633	0.18686
490.67865	1.17962	0.07767	1.38546	0.18325
492.27939	1.17023	0.07695	1.36352	0.1801
493.88004	1.16036	0.07649	1.34058	0.17752
495.48071	1.15002	0.07632	1.31673	0.17554
497.0813	1.13924	0.07645	1.29201	0.17419
498.68189	1.128	0.07689	1.26648	0.17347
500.28241	1.11633	0.07767	1.24016	0.1734
501.88297	1.10421	0.07878	1.21306	0.17399
503.48346	1.09163	0.08027	1.18521	0.17524
505.08389	1.07859	0.08213	1.15661	0.17717
506.68433	1.06508	0.0844	1.12727	0.17979
508.28473	1.05107	0.0871	1.09717	0.1831
509.88507	1.03656	0.09025	1.06631	0.1871
511.48535	1.0215	0.09389	1.03465	0.19182
513.08563	1.00587	0.09804	1.00216	0.19724
514.68591	0.9896	0.10276	0.96875	0.20339
516.28607	0.97262	0.10814	0.93429	0.21036
517.88629	0.95488	0.11432	0.89872	0.21833
519.48645	0.93637	0.12145	0.86204	0.22744
521.08649	0.91712	0.12967	0.82429	0.23785
522.68658	0.89713	0.13917	0.78548	0.24971
524.28656	0.87649	0.15012	0.7457	0.26315
525.88654	0.85527	0.16271	0.70501	0.27832
527.48645	0.8336	0.17715	0.66351	0.29534
529.08637	0.81166	0.19364	0.6213	0.31433
530.68622	0.78969	0.21238	0.57851	0.33543
532.28601	0.768	0.23355	0.53527	0.35873
533.8858	0.74696	0.25727	0.49177	0.38434
535.48547	0.72705	0.2836	0.44817	0.41239
537.08514	0.7088	0.31246	0.40476	0.44295
538.68481	0.69273	0.34355	0.36185	0.47598
540.28436	0.67924	0.37641	0.31969	0.51135
541.88391	0.66854	0.41052	0.27841	0.5489
543.4834	0.6607	0.44538	0.23816	0.58852
545.08289	0.65566	0.48048	0.19903	0.63006
546.68225	0.65326	0.51541	0.1611	0.67339
548.28162	0.65327	0.54985	0.12443	0.7184
549.88092	0.65543	0.58355	0.08906	0.76496
551.48016	0.65949	0.61635	0.05504	0.81295
553.07935	0.66518	0.64814	0.02238	0.86226
554.67853	0.67228	0.67888	-0.00891	0.91279
556.27765	0.68057	0.70853	-0.03884	0.96442
557.87665	0.68988	0.73712	-0.06742	1.01705
559.47565	0.70003	0.76467	-0.09469	1.07058
561.07458	0.71087	0.79123	-0.12071	1.12492
562.67346	0.72228	0.81687	-0.1456	1.18001
564.27234	0.73417	0.84169	-0.16943	1.23588
565.87109	0.7465	0.86575	-0.19226	1.29256
567.46985	0.75922	0.88912	-0.21411	1.35008
569.06848	0.77232	0.91184	-0.23498	1.40847
570.66711	0.78576	0.93397	-0.25487	1.46775
572.26569	0.79953	0.95553	-0.27378	1.52795
573.86414	0.81362	0.97656	-0.29168	1.5891
575.46265	0.82803	0.99708	-0.30855	1.65122
577.06097	0.84273	1.01713	-0.32437	1.71433
578.6593	0.85773	1.03672	-0.33909	1.77847
580.25763	0.87303	1.05588	-0.35269	1.84363
581.85583	0.88863	1.0746	-0.3651	1.90985
583.45398	0.90453	1.09291	-0.37628	1.97715
585.05206	0.92074	1.11082	-0.38615	2.04554
586.65002	0.93725	1.12831	-0.39465	2.11503
588.24805	0.9541	1.1454	-0.40164	2.18566
589.84595	0.97128	1.16206	-0.40699	2.25735
591.44373	0.98877	1.17825	-0.4106	2.33003
593.04156	1.00656	1.19396	-0.41239	2.40357
594.63928	1.02461	1.20919	-0.41232	2.47789
596.23688	1.0429	1.22393	-0.41036	2.55287
597.83447	1.06141	1.23818	-0.4065	2.62843
599.43201	1.08011	1.25194	-0.40071	2.70448
601.02942	1.09899	1.26522	-0.39301	2.78092
602.62677	1.11801	1.27802	-0.3834	2.85767
604.22406	1.13715	1.29035	-0.37189	2.93465
605.82135	1.1564	1.30222	-0.35851	3.01178
607.41852	1.17574	1.31363	-0.34328	3.08897
609.01556	1.19513	1.32461	-0.32626	3.16615
610.61267	1.21456	1.33515	-0.30748	3.24325
612.2096	1.23401	1.34528	-0.28701	3.32019
613.80652	1.25346	1.35502	-0.26492	3.39691
615.40326	1.27287	1.36437	-0.24131	3.47333
617.00006	1.29222	1.37337	-0.21631	3.5494
618.59674	1.31148	1.38206	-0.19012	3.62509
620.1933	1.33063	1.39051	-0.16296	3.70051
621.78986	1.34969	1.39878	-0.13492	3.77583
623.38629	1.36869	1.4069	-0.10605	3.85121
624.98267	1.38765	1.41491	-0.07639	3.92679
626.57898	1.4066	1.42283	-0.04593	4.00272
628.17517	1.42557	1.4307	-0.01465	4.07913
629.77136	1.44459	1.43853	0.01749	4.15616
631.36737	1.46369	1.44632	0.05054	4.23394
632.96338	1.4829	1.45411	0.08457	4.31261
634.55926	1.50226	1.46189	0.11966	4.39227
636.15515	1.52179	1.46967	0.1559	4.47305
637.75085	1.54152	1.47746	0.19341	4.55506
639.34656	1.56149	1.48525	0.23229	4.63842
640.94214	1.58174	1.49305	0.2727	4.72323
642.53766	1.60229	1.50085	0.31476	4.8096
644.13306	1.62317	1.50866	0.35864	4.89762
645.72839	1.64443	1.51645	0.40452	4.9874
647.32367	1.66609	1.52423	0.45258	5.07902
648.91882	1.6882	1.53198	0.50303	5.17258
650.51398	1.71078	1.5397	0.5561	5.26817
652.10901	1.73388	1.54735	0.61205	5.36584
653.70392	1.75753	1.55492	0.67114	5.46566
655.29871	1.78177	1.56239	0.73363	5.56766
656.89343	1.80663	1.56974	0.79982	5.67188
658.48816	1.83215	1.57694	0.87002	5.77839
660.0827	1.85837	1.58397	0.94455	5.8872
661.67719	1.88532	1.59081	1.02378	5.99837
663.27161	1.91307	1.59741	1.10813	6.11193
664.86591	1.94167	1.60375	1.19805	6.22791
666.46014	1.97117	1.6098	1.29405	6.34635
668.05432	2.00165	1.61549	1.39679	6.46729
669.64832	2.03322	1.62076	1.5071	6.59071
671.24231	2.06595	1.62545	1.62607	6.71618
672.83612	2.09985	1.62941	1.75439	6.843
674.42987	2.13489	1.63251	1.89266	6.97048
676.02356	2.17107	1.63468	2.04137	7.09798
677.61713	2.20835	1.6358	2.20099	7.22485
679.21057	2.24674	1.63581	2.37196	7.35045
680.80402	2.28621	1.63463	2.55476	7.47419
682.39734	2.32679	1.63218	2.74992	7.59548
683.99048	2.36849	1.62841	2.95805	7.71374
685.58362	2.41139	1.62322	3.17996	7.82842
687.17664	2.45557	1.61652	3.4167	7.93898
688.76947	2.50125	1.60817	3.67005	8.04487
690.3623	2.54868	1.59771	3.94311	8.14411
691.95502	2.59776	1.58454	4.23761	8.23254
693.54761	2.64823	1.56821	4.55382	8.30593
695.14014	2.69973	1.54834	4.89117	8.3602
696.73254	2.7519	1.52464	5.24842	8.39134
698.32483	2.80435	1.49687	5.62376	8.39549
699.91705	2.85666	1.4648	6.01484	8.36888
701.50915	2.90838	1.42826	6.41875	8.30785
703.1012	2.95904	1.38708	6.8319	8.20888
704.69305	3.00811	1.34112	7.25013	8.06849
706.28485	3.05499	1.29024	7.66827	7.88337
707.87659	3.09897	1.23432	8.08003	7.65026
709.46814	3.13903	1.1733	8.47686	7.36605
711.05963	3.17378	1.1077	8.84586	7.0312
712.651	3.20247	1.03877	9.17676	6.65323
714.24225	3.22485	0.96752	9.46358	6.24024
715.83337	3.24085	0.89485	9.70239	5.80014
717.42444	3.25047	0.82152	9.8907	5.34066
719.01544	3.25377	0.74825	10.02716	4.86927
720.60626	3.25085	0.67572	10.11139	4.39333
722.19696	3.24183	0.60458	10.14395	3.91991
723.7876	3.22691	0.53549	10.12618	3.45595
725.37805	3.2063	0.46911	10.06032	3.0082
726.96844	3.18031	0.40613	9.94946	2.58322
728.55872	3.14934	0.34727	9.79773	2.18737
730.14893	3.11394	0.29334	9.61055	1.82687
731.73895	3.075	0.24516	9.39553	1.50774
733.32892	3.03403	0.2031	9.16409	1.2324
734.91876	2.99215	0.16673	8.92518	0.99777
736.50842	2.95009	0.13563	8.68461	0.80024
738.09802	2.90839	0.1094	8.44675	0.63634
739.68756	2.86752	0.08765	8.215	0.50266
741.27692	2.82789	0.07	7.99205	0.39587
742.86615	2.78983	0.05605	7.77999	0.31274
744.45532	2.75363	0.04541	7.58039	0.25011
746.04431	2.71953	0.03767	7.39444	0.20489
747.63318	2.68774	0.03238	7.22289	0.17407
749.22199	2.65837	0.0291	7.0661	0.15473
750.81067	2.63151	0.02736	6.92407	0.14401
752.39917	2.60713	0.02668	6.79639	0.13912
753.98761	2.58513	0.02656	6.68216	0.13734
755.57587	2.56523	0.02652	6.57969	0.13607
757.16406	2.54695	0.0263	6.48625	0.13399
758.75214	2.52995	0.02591	6.39996	0.13111
760.34003	2.51401	0.02536	6.31962	0.12753
761.92786	2.49899	0.02468	6.24435	0.12335
763.5155	2.48476	0.02387	6.17346	0.11864
765.10315	2.47121	0.02296	6.10636	0.11349
766.69055	2.45827	0.02197	6.0426	0.108
768.27783	2.44586	0.0209	5.98179	0.10223
769.86505	2.43392	0.01978	5.92359	0.09627
771.45203	2.42241	0.01862	5.86774	0.09019
773.039	2.41129	0.01743	5.814	0.08408
774.62579	2.40051	0.01625	5.76217	0.078
776.21246	2.39005	0.01507	5.71209	0.07203
777.79901	2.37988	0.01392	5.66363	0.06624
779.38538	2.36999	0.01281	5.61669	0.06069
780.97168	2.36037	0.01175	5.57119	0.05546
782.55786	2.35101	0.01075	5.52712	0.05055
784.14386	2.34191	0.00981	5.48444	0.04596
785.72974	2.33306	0.00893	5.44308	0.04167
787.31549	2.32445	0.0081	5.40299	0.03768
788.90112	2.31607	0.00733	5.36412	0.03396
790.48663	2.30791	0.00661	5.32642	0.03051
792.07196	2.29997	0.00594	5.28984	0.02732
793.65717	2.29224	0.00531	5.25434	0.02436
795.24225	2.28471	0.00474	5.21987	0.02164
796.82721	2.27737	0.0042	5.1864	0.01914
798.41199	2.27022	0.00371	5.15388	0.01685
799.9967	2.26325	0.00326	5.12228	0.01476
801.58118	2.25645	0.00285	5.09156	0.01285
803.16565	2.24982	0.00247	5.0617	0.01113
804.74988	2.24336	0.00213	5.03267	0.00957
806.33398	2.23706	0.00183	5.00443	0.00817
807.91797	2.23091	0.00155	4.97695	0.00692
809.50183	2.22491	0.0013	4.95022	0.0058
811.08551	2.21906	0.00109	4.92421	0.00482
812.66907	2.21334	8.94E-4	4.89889	0.00396
814.2525	2.20777	7.27E-4	4.87423	0.00321
815.83575	2.20233	5.82E-4	4.85023	0.00256
817.41888	2.19701	4.58E-4	4.82686	0.00201
819.00183	2.19182	3.53E-4	4.80409	0.00155
820.58466	2.18676	2.66E-4	4.78191	0.00116
822.16736	2.18181	1.94E-4	4.76031	8.48E-4
823.75	2.17698	1.37E-4	4.73925	5.97E-4
825.33234	2.17226	9.3E-5	4.71873	4.02E-4
826.91467	2.16765	5.9E-5	4.69872	2.56E-4
828.4967	2.16315	3.5E-5	4.67921	1.5E-4
830.07874	2.15875	1.8E-5	4.66019	7.9E-5
831.66052	2.15444	8E-6	4.64163	3.5E-5
833.24219	2.15024	3E-6	4.62353	1.1E-5
834.82373	2.14613	0	4.60585	2E-6
836.40509	2.1421	0	4.5886	0
837.98621	2.13816	0	4.57174	0
839.56726	2.13431	0	4.55527	0
841.14825	2.13053	0	4.53915	0
842.729	2.12683	0	4.52339	0
844.30957	2.1232	0	4.50796	0
845.89001	2.11964	0	4.49286	0
847.4704	2.11615	0	4.47807	0
849.05048	2.11272	0	4.46359	0
850.63049	2.10936	0	4.4494	0
852.21033	2.10606	0	4.43549	0
853.79004	2.10282	0	4.42185	0
855.36951	2.09964	0	4.40848	0
856.94891	2.09651	0	4.39537	0
858.52814	2.09344	0	4.38251	0
860.10724	2.09043	0	4.36988	0
861.68603	2.08746	0	4.3575	0
863.26483	2.08455	0	4.34534	0
864.84338	2.08168	0	4.3334	0
866.42175	2.07887	0	4.32168	0
868	2.07609	0	4.31016	0
869.57813	2.07337	0	4.29885	0
871.15607	2.07069	0	4.28774	0
872.73376	2.06805	0	4.27682	0
874.3114	2.06545	0	4.26609	0
875.88886	2.0629	0	4.25553	0
877.46613	2.06038	0	4.24516	0
879.04327	2.0579	0	4.23496	0
880.62024	2.05546	0	4.22492	0
882.19696	2.05306	0	4.21505	0
883.77356	2.05069	0	4.20534	0
885.34998	2.04836	0	4.19579	0
886.92627	2.04607	0	4.18639	0
888.50232	2.0438	0	4.17713	0
890.07831	2.04157	0	4.16802	0
891.65411	2.03938	0	4.15905	0
893.22968	2.03721	0	4.15022	0
894.80505	2.03507	0	4.14153	0
896.38037	2.03297	0	4.13296	0
897.95544	2.03089	0	4.12453	0
899.5304	2.02885	0	4.11622	0
901.1051	2.02683	0	4.10803	0
902.67957	2.02484	0	4.09996	0
904.25403	2.02287	0	4.09201	0
905.82825	2.02093	0	4.08418	0
907.40222	2.01902	0	4.07645	0
908.9762	2.01714	0	4.06884	0
910.5498	2.01527	0	4.06133	0
912.12335	2.01344	0	4.05393	0
913.69665	2.01162	0	4.04663	0
915.26984	2.00983	0	4.03943	0
916.84277	2.00807	0	4.03233	0
918.41565	2.00632	0	4.02533	0
919.98816	2.0046	0	4.01842	0
921.56067	2.0029	0	4.0116	0
923.13293	2.00122	0	4.00488	0
924.70496	1.99956	0	3.99824	0
926.27685	1.99792	0	3.99169	0
927.84851	1.9963	0	3.98523	0
929.42011	1.9947	0	3.97885	0
930.99139	1.99313	0	3.97255	0
932.56262	1.99156	0	3.96633	0
934.13361	1.99002	0	3.96019	0
935.70441	1.9885	0	3.95413	0
937.27502	1.98699	0	3.94814	0
938.8454	1.98551	0	3.94223	0
940.41565	1.98403	0	3.93639	0
941.98566	1.98258	0	3.93062	0
943.55548	1.98114	0	3.92493	0
945.12518	1.97972	0	3.9193	0
946.69464	1.97832	0	3.91374	0
948.26398	1.97693	0	3.90825	0
949.83301	1.97556	0	3.90282	0
951.40198	1.9742	0	3.89746	0
952.97058	1.97286	0	3.89216	0
954.53918	1.97153	0	3.88692	0
956.10754	1.97021	0	3.88174	0
957.67566	1.96892	0	3.87663	0
959.24353	1.96763	0	3.87157	0
960.81134	1.96636	0	3.86657	0
962.37891	1.9651	0	3.86162	0
963.94617	1.96386	0	3.85674	0
965.51337	1.96263	0	3.8519	0
967.08038	1.96141	0	3.84712	0
968.64716	1.9602	0	3.8424	0
970.21368	1.95901	0	3.83772	0
971.78009	1.95783	0	3.8331	0
973.34631	1.95666	0	3.82853	0
974.91223	1.95551	0	3.82401	0
976.47803	1.95436	0	3.81953	0
978.04358	1.95323	0	3.81511	0
979.60901	1.95211	0	3.81073	0
981.17413	1.951	0	3.8064	0
982.73907	1.9499	0	3.80211	0
984.30383	1.94881	0	3.79787	0
985.86835	1.94774	0	3.79368	0
987.43274	1.94667	0	3.78952	0
988.99689	1.94561	0	3.78542	0
990.56085	1.94457	0	3.78135	0
992.12463	1.94353	0	3.77732	0
993.68817	1.94251	0	3.77334	0
995.25147	1.94149	0	3.7694	0
996.81457	1.94049	0	3.76549	0
998.37756	1.93949	0	3.76163	0
999.94025	1.9385	0	3.7578	0
1013.38202	1.93039	0	3.72639	0
1016.81018	1.92842	0	3.71878	0
1020.23816	1.92648	0	3.71133	0
1023.6662	1.92459	0	3.70403	0
1027.09424	1.92273	0	3.69688	0
1030.52222	1.9209	0	3.68987	0
1033.95007	1.91911	0	3.68299	0
1037.37817	1.91735	0	3.67625	0
1040.80591	1.91563	0	3.66964	0
1044.23389	1.91394	0	3.66315	0
1047.66187	1.91227	0	3.65679	0
1051.08972	1.91064	0	3.65054	0
1054.51758	1.90903	0	3.64441	0
1057.94556	1.90746	0	3.6384	0
1061.37341	1.90591	0	3.63249	0
1064.80139	1.90439	0	3.62669	0
1068.22925	1.90289	0	3.62099	0
1071.65723	1.90142	0	3.6154	0
1075.08521	1.89997	0	3.6099	0
1078.51318	1.89855	0	3.6045	0
1081.94116	1.89715	0	3.59919	0
1085.36926	1.89578	0	3.59397	0
1088.79724	1.89443	0	3.58885	0
1092.22534	1.89309	0	3.5838	0
1095.65356	1.89178	0	3.57885	0
1099.08179	1.8905	0	3.57397	0
1102.51001	1.88923	0	3.56918	0
1105.93823	1.88798	0	3.56447	0
1109.36658	1.88675	0	3.55983	0
1112.79504	1.88554	0	3.55526	0
1116.22339	1.88435	0	3.55077	0
1119.65198	1.88318	0	3.54635	0
1123.08057	1.88202	0	3.542	0
1126.50916	1.88088	0	3.53772	0
1129.93787	1.87976	0	3.5335	0
1133.3667	1.87866	0	3.52935	0
1136.79565	1.87757	0	3.52527	0
1140.22449	1.8765	0	3.52124	0
1143.65356	1.87544	0	3.51728	0
1147.08276	1.8744	0	3.51337	0
1150.51196	1.87337	0	3.50953	0
1153.94116	1.87236	0	3.50574	0
1157.37061	1.87136	0	3.50201	0
1160.80005	1.87038	0	3.49833	0
1164.22974	1.86941	0	3.4947	0
1167.65942	1.86846	0	3.49113	0
1171.08923	1.86751	0	3.4876	0
1174.51916	1.86658	0	3.48413	0
1177.94922	1.86566	0	3.48071	0
1181.37939	1.86476	0	3.47733	0
1184.80981	1.86387	0	3.474	0
1188.24011	1.86299	0	3.47072	0
1191.67065	1.86212	0	3.46748	0
1195.10132	1.86126	0	3.46429	0
1198.53223	1.86041	0	3.46114	0
1201.96314	1.85958	0	3.45803	0
1205.39429	1.85875	0	3.45497	0
1208.82556	1.85794	0	3.45194	0
1212.25696	1.85714	0	3.44896	0
1215.68848	1.85634	0	3.44601	0
1219.12024	1.85556	0	3.44311	0
1222.55212	1.85479	0	3.44024	0
1225.98413	1.85402	0	3.43741	0
1229.41626	1.85327	0	3.43461	0
1232.84876	1.85253	0	3.43185	0
1236.28125	1.85179	0	3.42913	0
1239.71399	1.85106	0	3.42644	0
1243.14685	1.85035	0	3.42378	0
1246.57996	1.84964	0	3.42116	0
1250.01331	1.84894	0	3.41857	0
1253.44666	1.84825	0	3.41601	0
1256.88037	1.84756	0	3.41349	0
1260.31421	1.84689	0	3.41099	0
1263.74829	1.84622	0	3.40853	0
1267.1825	1.84556	0	3.40609	0
1270.61694	1.84491	0	3.40368	0
1274.05151	1.84426	0	3.40131	0
1277.48645	1.84363	0	3.39896	0
1280.92163	1.843	0	3.39664	0
1284.35681	1.84237	0	3.39434	0
1287.79236	1.84176	0	3.39208	0
1291.22815	1.84115	0	3.38984	0
1294.66406	1.84055	0	3.38762	0
1298.10034	1.83996	0	3.38543	0
1301.53674	1.83937	0	3.38327	0
1304.97339	1.83878	0	3.38113	0
1308.4104	1.83821	0	3.37902	0
1311.84753	1.83764	0	3.37693	0
1315.28491	1.83708	0	3.37486	0
1318.72253	1.83652	0	3.37282	0
1322.16052	1.83597	0	3.3708	0
1325.59876	1.83543	0	3.3688	0
1329.03711	1.83489	0	3.36682	0
1332.47583	1.83436	0	3.36487	0
1335.91479	1.83383	0	3.36293	0
1339.354	1.83331	0	3.36102	0
1342.79358	1.83279	0	3.35913	0
1346.23328	1.83228	0	3.35726	0
1349.67346	1.83178	0	3.35541	0
1353.11377	1.83128	0	3.35358	0
1356.55444	1.83078	0	3.35176	0
1359.99536	1.83029	0	3.34997	0
1363.43652	1.82981	0	3.3482	0
1366.87805	1.82933	0	3.34644	0
1370.31982	1.82885	0	3.34471	0
1373.76196	1.82838	0	3.34299	0
1377.20435	1.82792	0	3.34129	0
1380.64722	1.82746	0	3.33961	0
1384.09021	1.827	0	3.33794	0
1387.53357	1.82655	0	3.33629	0
1390.97729	1.82611	0	3.33466	0
1394.42126	1.82566	0	3.33304	0
1397.8656	1.82522	0	3.33144	0
1401.3103	1.82479	0	3.32986	0
1404.75525	1.82436	0	3.32829	0
1408.20056	1.82394	0	3.32674	0
1411.64624	1.82351	0	3.3252	0
1415.09228	1.8231	0	3.32368	0
1418.53857	1.82268	0	3.32218	0
1421.98535	1.82228	0	3.32069	0
1425.43237	1.82187	0	3.31921	0
1428.87976	1.82147	0	3.31774	0
1432.32751	1.82107	0	3.3163	0
1435.77564	1.82068	0	3.31486	0
1439.22424	1.82029	0	3.31344	0
1442.6731	1.8199	0	3.31203	0
1446.12231	1.81952	0	3.31064	0
1449.5719	1.81914	0	3.30926	0
1453.02185	1.81876	0	3.30789	0
1456.47229	1.81839	0	3.30654	0
1459.9231	1.81802	0	3.30519	0
1463.37427	1.81765	0	3.30387	0
1466.82568	1.81729	0	3.30255	0
1470.27759	1.81693	0	3.30124	0
1473.72998	1.81658	0	3.29995	0
1477.18274	1.81622	0	3.29867	0
1480.63586	1.81587	0	3.2974	0
1484.08936	1.81553	0	3.29614	0
1487.54334	1.81519	0	3.29489	0
1490.99768	1.81484	0	3.29366	0
1494.45239	1.81451	0	3.29244	0
1497.90772	1.81417	0	3.29122	0
1501.36328	1.81384	0	3.29002	0
1504.81934	1.81351	0	3.28883	0
1508.27588	1.81319	0	3.28765	0
1511.73279	1.81286	0	3.28648	0
1515.19019	1.81254	0	3.28532	0
1518.64795	1.81223	0	3.28417	0
1522.1062	1.81191	0	3.28303	0
1525.56482	1.8116	0	3.2819	0
1529.02405	1.81129	0	3.28078	0
1532.48364	1.81099	0	3.27967	0
1535.9436	1.81068	0	3.27857	0
1539.40405	1.81038	0	3.27747	0
1542.86511	1.81008	0	3.27639	0
1546.32654	1.80978	0	3.27532	0
1549.78833	1.80949	0	3.27426	0
1553.25073	1.8092	0	3.2732	0
1556.71362	1.80891	0	3.27215	0
1560.177	1.80862	0	3.27112	0
1563.64087	1.80834	0	3.27009	0
1567.1051	1.80806	0	3.26907	0
1570.56995	1.80778	0	3.26806	0
1574.03516	1.8075	0	3.26705	0
1577.50098	1.80722	0	3.26606	0
1580.96716	1.80695	0	3.26507	0
1584.43396	1.80668	0	3.2641	0
1587.90125	1.80641	0	3.26312	0
1591.36902	1.80615	0	3.26216	0
1594.8374	1.80588	0	3.26121	0
1598.30615	1.80562	0	3.26026	0
1601.77551	1.80536	0	3.25932	0
1605.24536	1.8051	0	3.25839	0
1608.7157	1.80485	0	3.25746	0
1612.18677	1.80459	0	3.25655	0
1615.65808	1.80434	0	3.25564	0
1619.13013	1.80409	0	3.25474	0
1622.60266	1.80384	0	3.25384	0
1626.07568	1.80359	0	3.25295	0
1629.54919	1.80335	0	3.25207	0
1633.02344	1.80311	0	3.2512	0
1636.49817	1.80287	0	3.25033	0
1639.97339	1.80263	0	3.24947	0
1643.44922	1.80239	0	3.24861	0
1646.92554	1.80216	0	3.24777	0
1650.40259	1.80192	0	3.24693	0
1653.88013	1.80169	0	3.24609	0
1657.35803	1.80146	0	3.24526	0
1660.83667	1.80123	0	3.24444	0
1664.31604	1.80101	0	3.24363	0
1667.79565	1.80078	0	3.24282	0
1671.27612	1.80056	0	3.24201	0
1674.75708	1.80034	0	3.24122	0
1678.23865	1.80012	0	3.24043	0
1681.72095	1.7999	0	3.23964	0
1685.20349	1.79968	0	3.23886	0
1688.68689	1.79947	0	3.23809	0