2021-07-05 SQIB 5mg/mL no annealing high = medium spin speed
Wavelength (nm)	No8 SQIB neat	No9 SQIB neat
191.457733	0.009118	0.010295	
193.053986	0.006188	0.006438	
194.650345	0.004306	0.004257	
196.246765	0.003357	0.003182	
197.843262	0.002674	0.002559	
199.439835	0.002383	0.002305	
201.036469	0.002003	0.001934	
202.633194	0.001985	0.001821	
204.229980	0.001754	0.001682	
205.826859	0.001554	0.001665	
207.423782	0.001721	0.001587	
209.020782	0.001769	0.001545	
210.617874	0.001654	0.001641	
212.215012	0.001689	0.001439	
213.812225	0.001619	0.001331	
215.409500	0.001552	0.001425	
217.006866	0.001584	0.001626	
218.604279	0.001684	0.001630	
220.201752	0.001481	0.001534	
221.799316	0.001516	0.001501	
223.396927	0.001504	0.001506	
224.994598	0.001486	0.001259	
226.592361	0.001301	0.001303	
228.190155	0.001345	0.001311	
229.788040	0.001290	0.001283	
231.385986	0.001249	0.001145	
232.983978	0.001330	0.001139	
234.582062	0.001211	0.001150	
236.180176	0.001250	0.001107	
237.778351	0.001194	0.001145	
239.376617	0.001204	0.001199	
240.974899	0.001180	0.001167	
242.573273	0.001284	0.001197	
244.171677	0.001251	0.001201	
245.770172	0.001301	0.001351	
247.368698	0.001411	0.001309	
248.967316	0.001385	0.001404	
250.565964	0.001618	0.001436	
252.164673	0.001786	0.001515	
253.763428	0.001619	0.001544	
255.362228	0.001708	0.001834	
256.961121	0.001744	0.001783	
258.560028	0.001979	0.001870	
260.158997	0.002039	0.002052	
261.758026	0.002238	0.002074	
263.357117	0.002310	0.001959	
264.956238	0.002372	0.002326	
266.555450	0.002387	0.002447	
268.154663	0.002519	0.002594	
269.753967	0.002853	0.002509	
271.353271	0.002777	0.002885	
272.952667	0.003064	0.002813	
274.552094	0.003121	0.003035	
276.151550	0.003136	0.003166	
277.751099	0.003262	0.003328	
279.350647	0.003606	0.003442	
280.950256	0.003484	0.003479	
282.549927	0.003844	0.003717	
284.149628	0.003895	0.003826	
285.749390	0.004253	0.004192	
287.349182	0.004628	0.004320	
288.949005	0.005344	0.004724	
290.548889	0.005637	0.005297	
292.148804	0.007647	0.007226	
293.748749	0.010358	0.009875	
295.348755	0.015207	0.015001	
296.948792	0.021870	0.021433	
298.548889	0.031019	0.030425	
300.148987	0.042765	0.042279	
301.749146	0.057106	0.056600	
303.349335	0.075578	0.075042	
304.949554	0.098409	0.097533	
306.549835	0.123872	0.122885	
308.150146	0.155068	0.153762	
309.750458	0.187928	0.186396	
311.350861	0.223225	0.221231	
312.951233	0.260806	0.258496	
314.551697	0.299347	0.296784	
316.152161	0.338565	0.335207	
317.752686	0.377435	0.373642	
319.353210	0.417482	0.412988	
320.953796	0.455642	0.450228	
322.554382	0.494033	0.487624	
324.155029	0.531448	0.524003	
325.755676	0.559316	0.551785	
327.356384	0.585061	0.577783	
328.957092	0.614548	0.605853	
330.557861	0.640941	0.632125	
332.158630	0.665101	0.655963	
333.759430	0.687719	0.677580	
335.360260	0.705879	0.695897	
336.961121	0.724464	0.712708	
338.562012	0.739146	0.728186	
340.162903	0.753112	0.741023	
341.763855	0.765386	0.752310	
343.364807	0.775615	0.764123	
344.965759	0.785111	0.772936	
346.566772	0.793855	0.782362	
348.167786	0.801619	0.789736	
349.768860	0.807047	0.795947	
351.369904	0.812706	0.801890	
352.971008	0.818157	0.807333	
354.572083	0.822038	0.811411	
356.173218	0.825327	0.814652	
357.774353	0.828647	0.817610	
359.375519	0.830551	0.818995	
360.976685	0.833172	0.820724	
362.577881	0.834280	0.821510	
364.179108	0.837071	0.822842	
365.780334	0.838564	0.825051	
367.381561	0.841574	0.829018	
368.982849	0.843642	0.832383	
370.584106	0.846873	0.836026	
372.185364	0.849392	0.839997	
373.786682	0.851977	0.841845	
375.388000	0.852920	0.843673	
376.989319	0.853258	0.844369	
378.590637	0.854039	0.844577	
380.191986	0.854188	0.844949	
381.793365	0.853839	0.845647	
383.394714	0.855046	0.846651	
384.996094	0.854895	0.847106	
386.597473	0.856633	0.848160	
388.198853	0.857327	0.848223	
389.800232	0.857750	0.848949	
391.401672	0.858676	0.849063	
393.003082	0.859954	0.850025	
394.604492	0.859517	0.850436	
396.205902	0.859708	0.850418	
397.807312	0.860451	0.851655	
399.408752	0.861033	0.851725	
401.010193	0.861927	0.852872	
402.611633	0.862664	0.853813	
404.213074	0.863645	0.854497	
405.814514	0.863773	0.855312	
407.415955	0.864975	0.857410	
409.017395	0.865719	0.857501	
410.618835	0.866337	0.858217	
412.220276	0.865957	0.858558	
413.821716	0.866730	0.859202	
415.423157	0.867102	0.859503	
417.024597	0.866911	0.860085	
418.626038	0.866992	0.859481	
420.227448	0.867004	0.859469	
421.828918	0.867835	0.859656	
423.430328	0.867529	0.860116	
425.031738	0.867617	0.860169	
426.633148	0.867883	0.860060	
428.234558	0.868202	0.860960	
429.835938	0.868030	0.861051	
431.437347	0.868101	0.861568	
433.038727	0.867983	0.862297	
434.640076	0.868503	0.861927	
436.241455	0.868891	0.862194	
437.842834	0.868970	0.862943	
439.444183	0.869343	0.863230	
441.045502	0.869512	0.863845	
442.646820	0.870187	0.863740	
444.248138	0.869959	0.863858	
445.849457	0.869804	0.864217	
447.450745	0.871004	0.864579	
449.052002	0.870270	0.864988	
450.653259	0.871387	0.865553	
452.254547	0.871542	0.865315	
453.855774	0.871074	0.865663	
455.456970	0.871751	0.865726	
457.058197	0.872036	0.865789	
458.659363	0.872019	0.865622	
460.260559	0.872735	0.866157	
461.861664	0.872570	0.865454	
463.462830	0.872009	0.866010	
465.063904	0.872137	0.865416	
466.665039	0.871944	0.865032	
468.266113	0.871536	0.865115	
469.867126	0.871740	0.865053	
471.468170	0.871440	0.864275	
473.069183	0.871363	0.863666	
474.670166	0.871581	0.863532	
476.271149	0.870651	0.863180	
477.872070	0.870837	0.862361	
479.472992	0.870509	0.862092	
481.073883	0.870375	0.862399	
482.674744	0.870100	0.861702	
484.275574	0.870184	0.860982	
485.876404	0.870228	0.860839	
487.477203	0.870796	0.860171	
489.077942	0.869793	0.859966	
490.678650	0.870602	0.860709	
492.279388	0.870121	0.860668	
493.880035	0.870145	0.860408	
495.480713	0.869161	0.860038	
497.081299	0.869338	0.859268	
498.681885	0.868976	0.858211	
500.282410	0.868332	0.857644	
501.882965	0.867601	0.856284	
503.483459	0.867055	0.854762	
505.083893	0.866320	0.853485	
506.684326	0.865152	0.851793	
508.284729	0.863939	0.849228	
509.885071	0.862657	0.846578	
511.485352	0.860678	0.844472	
513.085632	0.859203	0.842141	
514.685913	0.857402	0.839285	
516.286072	0.854918	0.835411	
517.886292	0.852487	0.832041	
519.486450	0.850123	0.828443	
521.086487	0.847423	0.823467	
522.686584	0.844593	0.818915	
524.286560	0.841424	0.813949	
525.886536	0.838017	0.808332	
527.486450	0.833605	0.801657	
529.086365	0.828780	0.795157	
530.686218	0.823937	0.787882	
532.286011	0.819125	0.780226	
533.885803	0.813311	0.771223	
535.485474	0.807089	0.762855	
537.085144	0.800548	0.753366	
538.684814	0.793714	0.743870	
540.284363	0.786853	0.733138	
541.883911	0.779734	0.723389	
543.483398	0.772422	0.712662	
545.082886	0.764811	0.702260	
546.682251	0.756122	0.691660	
548.281616	0.748696	0.680881	
549.880920	0.741280	0.670477	
551.480164	0.733368	0.659866	
553.079346	0.724788	0.649377	
554.678528	0.716656	0.639337	
556.277649	0.708812	0.628811	
557.876648	0.700214	0.618428	
559.475647	0.692394	0.607999	
561.074585	0.684768	0.597816	
562.673462	0.676463	0.587727	
564.272339	0.668487	0.577904	
565.871094	0.660274	0.568244	
567.469849	0.652168	0.558005	
569.068481	0.644258	0.549394	
570.667114	0.636694	0.539503	
572.265686	0.628985	0.530838	
573.864136	0.621566	0.521924	
575.462646	0.614174	0.513121	
577.060974	0.606259	0.504915	
578.659302	0.599122	0.496761	
580.257629	0.592772	0.488676	
581.855835	0.586140	0.481174	
583.453979	0.578921	0.473739	
585.052063	0.571892	0.466168	
586.650024	0.565094	0.458452	
588.248047	0.558483	0.450968	
589.845947	0.552094	0.443895	
591.443726	0.545888	0.437201	
593.041565	0.539077	0.430420	
594.639282	0.533088	0.423333	
596.236877	0.526532	0.416750	
597.834473	0.520037	0.410292	
599.432007	0.513680	0.403689	
601.029419	0.507746	0.397351	
602.626770	0.501394	0.391075	
604.224060	0.495350	0.385243	
605.821350	0.489912	0.379469	
607.418518	0.484254	0.373491	
609.015564	0.478726	0.368237	
610.612671	0.473016	0.363271	
612.209595	0.467976	0.357640	
613.806519	0.462734	0.352727	
615.403259	0.457891	0.348042	
617.000061	0.452975	0.343696	
618.596741	0.448449	0.339169	
620.193298	0.443934	0.334790	
621.789856	0.439874	0.330383	
623.386292	0.434994	0.326322	
624.982666	0.430360	0.322461	
626.578979	0.426432	0.318658	
628.175171	0.423059	0.315169	
629.771362	0.419127	0.311677	
631.367371	0.415344	0.308280	
632.963379	0.411577	0.304926	
634.559265	0.408102	0.301614	
636.155151	0.404696	0.298847	
637.750854	0.401356	0.295510	
639.346558	0.397663	0.292403	
640.942139	0.394202	0.289384	
642.537659	0.390667	0.286432	
644.133057	0.387108	0.283108	
645.728394	0.383401	0.279996	
647.323669	0.379637	0.276548	
648.918823	0.375506	0.273148	
650.513977	0.371560	0.269685	
652.109009	0.367502	0.266076	
653.703918	0.363161	0.262121	
655.298706	0.357982	0.257587	
656.893433	0.352429	0.252711	
658.488159	0.348120	0.249202	
660.082703	0.345131	0.246565	
661.677185	0.341966	0.243996	
663.271606	0.337471	0.240463	
664.865906	0.333171	0.236891	
666.460144	0.328992	0.233370	
668.054321	0.324966	0.229963	
669.648315	0.321044	0.226847	
671.242310	0.317468	0.223628	
672.836121	0.313227	0.220689	
674.429871	0.309535	0.217939	
676.023560	0.306142	0.215030	
677.617126	0.302548	0.212393	
679.210571	0.299520	0.209949	
680.804016	0.296348	0.207527	
682.397339	0.293057	0.205249	
683.990479	0.290600	0.203387	
685.583618	0.287894	0.201265	
687.176636	0.285246	0.199619	
688.769470	0.282911	0.198165	
690.362305	0.280789	0.196871	
691.955017	0.279053	0.195746	
693.547607	0.277420	0.194846	
695.140137	0.276073	0.194225	
696.732544	0.275228	0.193962	
698.324829	0.274322	0.193655	
699.917053	0.273989	0.194060	
701.509155	0.274240	0.194667	
703.101196	0.274839	0.196101	
704.693054	0.276467	0.197808	
706.284851	0.278673	0.200221	
707.876587	0.282019	0.203368	
709.468140	0.286252	0.207763	
711.059631	0.291624	0.212847	
712.651001	0.298626	0.219535	
714.242249	0.307375	0.227830	
715.833374	0.318805	0.237931	
717.424438	0.332260	0.250051	
719.015442	0.348814	0.264216	
720.606262	0.367572	0.280769	
722.196960	0.388903	0.299309	
723.787598	0.411855	0.319840	
725.378052	0.433443	0.339206	
726.968445	0.457477	0.359860	
728.558716	0.483676	0.384586	
730.148926	0.507200	0.407060	
731.738953	0.531679	0.430596	
733.328918	0.554064	0.453131	
734.918762	0.575006	0.473482	
736.508423	0.594527	0.493334	
738.098022	0.611144	0.510863	
739.687561	0.626804	0.527638	
741.276917	0.641169	0.543162	
742.866150	0.653974	0.557575	
744.455322	0.665712	0.570795	
746.044312	0.676430	0.583318	
747.633179	0.686531	0.595608	
749.221985	0.695923	0.606178	
750.810669	0.704957	0.617109	
752.399170	0.712243	0.626733	
753.987610	0.719936	0.635989	
755.575867	0.726914	0.644180	
757.164063	0.733679	0.652150	
758.752136	0.739224	0.659632	
760.340027	0.744502	0.667088	
761.927856	0.749967	0.674167	
763.515503	0.755168	0.680405	
765.103149	0.759566	0.685892	
766.690552	0.763165	0.692266	
768.277832	0.766769	0.697108	
769.865051	0.769965	0.702102	
771.452026	0.773771	0.707335	
773.039001	0.777579	0.711756	
774.625793	0.780388	0.715848	
776.212463	0.783783	0.720265	
777.799011	0.787018	0.724464	
779.385376	0.789175	0.728038	
780.971680	0.791629	0.731023	
782.557861	0.793188	0.734621	
784.143860	0.795514	0.737716	
785.729736	0.797733	0.741358	
787.315491	0.801009	0.743994	
788.901123	0.802479	0.746683	
790.486633	0.804062	0.750156	
792.071960	0.805749	0.752722	
793.657166	0.807769	0.755370	
795.242249	0.809204	0.757955	
796.827209	0.810824	0.760291	
798.411987	0.812663	0.762434	
799.996704	0.814310	0.764969	
801.581177	0.815683	0.766904	
803.165649	0.816787	0.768376	
804.749878	0.817809	0.770708	
806.333984	0.819399	0.772077	
807.917969	0.819407	0.774078	
809.501831	0.820759	0.776493	
811.085510	0.821867	0.778298	
812.669067	0.823073	0.780017	
814.252502	0.823910	0.780574	
815.835754	0.825299	0.782448	
817.418884	0.826735	0.783882	
819.001831	0.826954	0.784789	
820.584656	0.827340	0.786695	
822.167358	0.828667	0.787498	
823.750000	0.828811	0.789511	
825.332336	0.830137	0.790689	
826.914673	0.830167	0.792036	
828.496704	0.831439	0.793368	
830.078735	0.831975	0.794469	
831.660522	0.832608	0.795421	
833.242188	0.834194	0.796309	
834.823730	0.834222	0.798066	
836.405090	0.834759	0.798694	
837.986206	0.835138	0.799751	
839.567261	0.835439	0.800789	
841.148254	0.835947	0.801560	
842.729004	0.835707	0.802444	
844.309570	0.837009	0.803422	
845.890015	0.837449	0.805139	
847.470398	0.838282	0.805090	
849.050476	0.838546	0.806136	
850.630493	0.839855	0.807582	
852.210327	0.839460	0.807244	
853.790039	0.839823	0.808368	
855.369507	0.839611	0.809159	
856.948914	0.839968	0.809454	
858.528137	0.839541	0.809862	
860.107239	0.840103	0.811941	
861.686035	0.840725	0.811759	
863.264832	0.841516	0.812882	
864.843384	0.842530	0.813130	
866.421753	0.842408	0.813131	
868.000000	0.843120	0.813979	
869.578125	0.843259	0.814973	
871.156067	0.844189	0.815629	
872.733765	0.842977	0.817129	
874.311401	0.844172	0.817055	
875.888855	0.844563	0.817384	
877.466125	0.844584	0.817423	
879.043274	0.844770	0.818815	
880.620239	0.846403	0.819364	
882.196960	0.846043	0.820057	
883.773560	0.845088	0.820078	
885.349976	0.845359	0.821068	
886.926270	0.846190	0.820789	
888.502319	0.846477	0.822364	
890.078308	0.846621	0.821566	
891.654114	0.847369	0.822302	
893.229675	0.847726	0.823268	
894.805054	0.847270	0.823670	
896.380371	0.847870	0.823527	
897.955444	0.848377	0.824605	
899.530396	0.848525	0.823904	
901.105103	0.847934	0.825227	
902.679565	0.848477	0.824741	
904.254028	0.848666	0.826103	
905.828247	0.848201	0.825656	
907.402222	0.849428	0.826527	
908.976196	0.848379	0.826426	
910.549805	0.849203	0.826466	
912.123352	0.848477	0.827357	
913.696655	0.848818	0.827986	
915.269836	0.849409	0.827833	
916.842773	0.850823	0.828124	
918.415649	0.851180	0.828937	
919.988159	0.850731	0.828350	
921.560669	0.850812	0.828014	
923.132935	0.850111	0.828803	
924.704956	0.851176	0.831055	
926.276855	0.851440	0.830669	
927.848511	0.851923	0.831042	
929.420105	0.851716	0.830098	
930.991394	0.851787	0.832633	
932.562622	0.852213	0.830844	
934.133606	0.851370	0.833019	
935.704407	0.850906	0.832339	
937.275024	0.852099	0.832856	
938.845398	0.852437	0.833569	
940.415649	0.852078	0.833348	
941.985657	0.851200	0.834671	
943.555481	0.850457	0.833857	
945.125183	0.850898	0.833630	
946.694641	0.851553	0.833358	
948.263977	0.851978	0.834713	
949.833008	0.854103	0.834043	
951.401978	0.851799	0.834533	
952.970581	0.853463	0.834238	
954.539185	0.854617	0.835658	
956.107544	0.854232	0.836761	
957.675659	0.854298	0.836655	
959.243530	0.854714	0.836349	
960.811340	0.854792	0.835952	
962.378906	0.855389	0.835805	
963.946167	0.854842	0.837172	
965.513367	0.855466	0.838274	
967.080383	0.854220	0.837469	
968.647156	0.855007	0.837923	
970.213684	0.854775	0.838540	
971.780090	0.856154	0.838927	
973.346313	0.855547	0.839599	
974.912231	0.854242	0.838114	
976.478027	0.854530	0.838553	
978.043579	0.854093	0.839113	
979.609009	0.855012	0.838987	
981.174133	0.855767	0.839520	
982.739075	0.856072	0.839708	
984.303833	0.855381	0.840122	
985.868347	0.856292	0.840228	
987.432739	0.856607	0.839528	
988.996887	0.855915	0.840818	
990.560852	0.856511	0.839613	
992.124634	0.854909	0.841046	
993.688171	0.855200	0.840171	
995.251465	0.856538	0.842748	
996.814575	0.856978	0.843229	
998.377563	0.854915	0.841925	
999.940247	0.856535	0.842031	
1013.382019	0.860002	0.844151	
1016.810181	0.854818	0.844273	
1020.238159	0.862148	0.844786	
1023.666199	0.861041	0.843911	
1027.094238	0.859600	0.846284	
1030.522217	0.859520	0.845249	
1033.950073	0.853923	0.846201	
1037.378174	0.864487	0.845590	
1040.805908	0.863978	0.844947	
1044.233887	0.859226	0.846230	
1047.661865	0.863589	0.848323	
1051.089722	0.862678	0.848901	
1054.517578	0.865440	0.849074	
1057.945557	0.861370	0.848032	
1061.373413	0.867755	0.851272	
1064.801392	0.863501	0.849183	
1068.229248	0.869323	0.856729	
1071.657227	0.866945	0.852577	
1075.085205	0.872824	0.860894	
1078.513184	0.870151	0.856243	
1081.941162	0.874774	0.861164	
1085.369263	0.870329	0.858879	
1088.797241	0.875218	0.864044	
1092.225342	0.872940	0.862318	
1095.653564	0.876113	0.864132	
1099.081787	0.874013	0.864201	
1102.510010	0.877154	0.864508	
1105.938232	0.877920	0.866342	
1109.366577	0.878954	0.865877	
1112.795044	0.877337	0.865838	
1116.223389	0.874929	0.866713	
1119.651978	0.878743	0.868191	
1123.080566	0.879680	0.867270	
1126.509155	0.875618	0.867218	
1129.937866	0.874692	0.866661	
1133.366699	0.875606	0.868876	
1136.795654	0.878069	0.868360	
1140.224487	0.880091	0.869711	
1143.653564	0.880486	0.867426	
1147.082764	0.883338	0.870791	
1150.511963	0.879507	0.869286	
1153.941162	0.879738	0.871671	
1157.370605	0.874884	0.867542	
1160.800049	0.883399	0.870258	
1164.229736	0.875420	0.867840	
1167.659424	0.880916	0.872814	
1171.089233	0.875334	0.869684	
1174.519165	0.882196	0.872469	
1177.949219	0.877867	0.870722	
1181.379395	0.882242	0.873070	
1184.809814	0.877703	0.868161	
1188.240112	0.882532	0.874440	
1191.670654	0.878247	0.869616	
1195.101318	0.882553	0.874630	
1198.532227	0.878043	0.869685	
1201.963135	0.886181	0.875160	
1205.394287	0.882101	0.870555	
1208.825562	0.881900	0.875768	
1212.256958	0.881460	0.869780	
1215.688477	0.883678	0.875567	
1219.120239	0.880656	0.870771	
1222.552124	0.883299	0.876078	
1225.984131	0.876800	0.870815	
1229.416260	0.877421	0.876792	
1232.848755	0.879633	0.872159	
1236.281250	0.885424	0.877842	
1239.713989	0.882681	0.870616	
1243.146851	0.884664	0.873774	
1246.579956	0.880066	0.873311	
1250.013306	0.887421	0.875952	
1253.446655	0.883558	0.873307	
1256.880371	0.889096	0.881084	
1260.314209	0.886270	0.875253	
1263.748291	0.885398	0.877922	
1267.182495	0.882372	0.872099	
1270.616943	0.885322	0.879102	
1274.051514	0.881879	0.875212	
1277.486450	0.885231	0.879607	
1280.921631	0.884697	0.874161	
1284.356812	0.891596	0.881313	
1287.792358	0.878791	0.874602	
1291.228149	0.884890	0.881012	
1294.664063	0.877836	0.874977	
1298.100342	0.888426	0.882805	
1301.536743	0.880199	0.878485	
1304.973389	0.885764	0.883769	
1308.410400	0.882365	0.875810	
1311.847534	0.892086	0.884438	
1315.284912	0.883814	0.877831	
1318.722534	0.895757	0.884852	
1322.160522	0.888513	0.877204	
1325.598755	0.892392	0.885985	
1329.037109	0.885120	0.878815	
1332.475830	0.891614	0.887395	
1335.914795	0.885576	0.878884	
1339.354004	0.894982	0.887306	
1342.793579	0.888600	0.881784	
1346.233276	0.896170	0.886055	
1349.673462	0.890127	0.882265	
1353.113770	0.898538	0.886354	
1356.554443	0.896073	0.886416	
1359.995361	0.896576	0.881582	
1363.436523	0.899447	0.888809	
1366.878052	0.889587	0.882141	
1370.319824	0.893881	0.890330	
1373.761963	0.899740	0.883801	
1377.204346	0.898562	0.890630	
1380.647217	0.884702	0.876367	
1384.090210	0.885021	0.878141	
1387.533569	0.880381	0.873980	
1390.977295	0.894548	0.883603	
1394.421265	0.877481	0.874600	
1397.865601	0.888313	0.884048	
1401.310303	0.880476	0.876294	
1404.755249	0.895959	0.891483	
1408.200562	0.882862	0.877201	
1411.646240	0.896560	0.892653	
1415.092285	0.891286	0.883856	
1418.538574	0.897903	0.892709	
1421.985352	0.897635	0.883637	
1425.432373	0.906663	0.895209	
1428.879761	0.890506	0.884196	
1432.327515	0.899568	0.895343	
1435.775635	0.892062	0.886728	
1439.224243	0.899335	0.895610	
1442.673096	0.895817	0.891224	
1446.122314	0.902840	0.893402	
1449.571899	0.888426	0.886885	
1453.021851	0.901651	0.897429	
1456.472290	0.894996	0.887775	
1459.923096	0.898683	0.895660	
1463.374268	0.891373	0.887704	
1466.825684	0.904907	0.899514	
1470.277588	0.896364	0.885436	
1473.729980	0.912984	0.898981	
1477.182739	0.890859	0.886225	
1480.635864	0.904550	0.899432	
1484.089355	0.888284	0.887906	
1487.543335	0.902528	0.899040	
1490.997681	0.903431	0.884414	
1494.452393	0.909943	0.901366	
1497.907715	0.897548	0.884283	
1501.363281	0.903535	0.900567	
1504.819336	0.889706	0.883288	
1508.275879	0.905637	0.898641	
1511.732788	0.887362	0.883096	
1515.190186	0.906531	0.896374	
1518.647949	0.895733	0.881522	
1522.106201	0.898107	0.889246	
1525.564819	0.894014	0.884292	
1529.024048	0.900865	0.892760	
1532.483643	0.899812	0.885689	
1535.943604	0.896372	0.889953	
1539.404053	0.894270	0.886185	
1542.865112	0.887041	0.886908	
1546.326538	0.896670	0.886174	
1549.788330	0.886032	0.884341	
1553.250732	0.889799	0.887399	
1556.713623	0.886198	0.886375	
1560.177002	0.897840	0.887549	
1563.640869	0.893343	0.884528	
1567.105103	0.894389	0.890509	
1570.569946	0.892281	0.887535	
1574.035156	0.891789	0.890310	
1577.500977	0.884221	0.890675	
1580.967163	0.893291	0.889783	
1584.433960	0.899390	0.885955	
1587.901245	0.897897	0.890950	
1591.369019	0.893042	0.887927	
1594.837402	0.900097	0.891163	
1598.306152	0.891257	0.892273	
1601.775513	0.894754	0.894139	
1605.245361	0.898313	0.891130	
1608.715698	0.892658	0.893771	
1612.186768	0.886290	0.891695	
1615.658081	0.897774	0.892922	
1619.130127	0.899685	0.889753	
1622.602661	0.904854	0.893113	
1626.075684	0.894492	0.893168	
1629.549194	0.890970	0.894134	
1633.023438	0.892526	0.891797	
1636.498169	0.897536	0.889381	
1639.973389	0.892537	0.890860	
1643.449219	0.898070	0.890362	
1646.925537	0.903375	0.893121	
1650.402588	0.896069	0.889660	
1653.880127	0.896499	0.890286	
1657.358032	0.893871	0.893652	
1660.836670	0.904172	0.892695	
1664.316040	0.906317	0.892344	
1667.795654	0.900420	0.893174	
1671.276123	0.900244	0.893793	
1674.757080	0.896444	0.892363	
1678.238647	0.895264	0.890730	
1681.720947	0.898005	0.892496	
1685.203491	0.893595	0.893261	
1688.686890	0.902385	0.892797	