SPECTRUM DATA FILE
SpectrumCount:	1
PixelCount:	2500
UserName:	Laser
SampleName:	
LightSource:	
Comments:	
DeviceName:	Qmini
DeviceManufacturer:	Broadcom
DeviceSerialNo:	21144

Name:	last spectrum
Date:	02/05/2024 13:16:32
ExposureTime:	0.10876
TemporalAvg:	2
IntensityUnit:	normalizedCounts
CCDLoadLevel:	0.8313758
Temperature:	23.61786
DiagramColor:	16018641
ProcessingSteps:	847

Wavelength [nm]	Intensity
294.2074	-0.8512347
294.5497	-1.120327
294.8921	-0.2990121
295.2344	0.152257
295.5767	0.5071785
295.919	0.08804496
296.2613	0.2523321
296.6036	-0.8504888
296.9458	-0.6582216
297.2881	-0.3774674
297.6304	0.2580518
297.9727	0.2206117
298.3149	0.4408298
298.6571	-0.01022526
298.9994	-0.1217585
299.3416	-0.2350924
299.6838	0.2677018
300.026	0.07486841
300.3683	-0.1985246
300.7104	-0.4223764
301.0526	-0.1066545
301.3948	0.08786248
301.737	-0.1399833
302.0792	0.3474703
302.4213	0.7734969
302.7635	0.6356211
303.1056	-0.176747
303.4478	-0.3314374
303.7899	0.2641547
304.132	0.3484899
304.4742	-0.01994006
304.8163	-0.1059626
305.1584	0.3042091
305.5005	-0.1103962
305.8426	-0.5080547
306.1846	-0.6712002
306.5267	-0.1062241
306.8688	-0.1421611
307.2108	0.1056322
307.5529	0.2808788
307.8949	0.3546895
308.237	-0.05460831
308.579	-0.1267611
308.921	-0.06399842
309.263	-0.4166847
309.605	-0.4120771
309.947	-0.594572
310.289	-0.9728578
310.631	-0.9706479
310.973	-0.9670007
311.3149	-0.7807183
311.6569	-0.5904486
311.9988	-0.1152044
312.3408	0.1630452
312.6827	0.5677649
313.0247	0.669539
313.3666	0.3243052
313.7085	-0.1479903
314.0504	-0.1047427
314.3923	-0.005288073
314.7342	0.3284638
315.0761	0.0458486
315.418	0.01587454
315.7599	-0.1355032
316.1017	0.2808668
316.4436	0.2959391
316.7854	-0.2642697
317.1273	-0.2485338
317.4691	0.1149727
317.8109	0.1941298
318.1527	-0.2689413
318.4945	-0.2736267
318.8363	-0.03610272
319.1781	0.6048151
319.5199	1.338282
319.8617	1.017246
320.2035	-0.1420058
320.5452	-0.9570082
320.887	-0.3205472
321.2287	0.5137874
321.5705	0.3020667
321.9122	-0.5520955
322.2539	-0.3209468
322.5956	0.2016632
322.9374	0.3098947
323.2791	-0.2450247
323.6208	-0.5848232
323.9625	-0.5216576
324.3041	0.2056314
324.6458	0.2342306
324.9875	0.1583808
325.3291	-0.22916
325.6708	0.6383206
326.0124	0.627925
326.354	0.9291282
326.6957	0.2908539
327.0373	0.1272633
327.3789	-0.01462805
327.7205	0.4824162
328.0621	0.9720902
328.4037	0.9801577
328.7453	0.5347589
329.0869	-0.2981383
329.4284	-0.453227
329.77	0.001514385
330.1115	0.1398344
330.4531	-0.2760791
330.7946	-0.06998428
331.1361	-0.08136933
331.4776	-0.2955676
331.8191	-0.2147115
332.1606	0.04706804
332.5021	0.07024491
332.8436	-0.07668858
333.1851	-0.07506352
333.5266	-0.05540967
333.868	0.5018938
334.2095	1.106093
334.5509	0.4322145
334.8924	-0.2826107
335.2338	-0.6002895
335.5752	0.2828525
335.9167	0.6986219
336.2581	0.4027637
336.5995	-0.3635722
336.9409	-0.6433694
337.2822	-0.3201603
337.6236	-0.07230849
337.965	0.26933
338.3063	0.2541066
338.6477	0.0792673
338.989	-0.04123096
339.3304	-0.5069458
339.6717	-1.122262
340.013	-1.097045
340.3543	-0.4950722
340.6956	0.03401234
341.037	0.2921247
341.3782	1.231859
341.7195	1.514912
342.0608	1.043032
342.4021	0.09261616
342.7433	-0.3600787
343.0846	-0.7681879
343.4258	-0.5031905
343.7671	-0.1320895
344.1083	0.3047473
344.4495	0.3686309
344.7907	0.4012227
345.1319	0.0379633
345.4731	-0.1391917
345.8143	0.03944878
346.1555	0.05010703
346.4966	0.1966805
346.8378	-0.1796069
347.179	-0.499819
347.5201	-0.5674006
347.8613	-0.1322694
348.2024	0.4152224
348.5435	0.6781905
348.8846	0.7543805
349.2257	0.2760653
349.5668	0.1000276
349.9079	-0.03324838
350.249	0.1752832
350.5901	0.1386697
350.9312	0.04441715
351.2722	0.4026312
351.6133	0.5613624
351.9543	0.1893547
352.2953	-0.02845971
352.6364	0.1095882
352.9774	0.4288184
353.3184	0.3008308
353.6594	0.3381248
354.0004	-0.08903952
354.3414	-0.1248368
354.6824	-0.1563839
355.0233	-0.3401543
355.3643	-0.3016812
355.7053	-0.2459826
356.0462	-0.1569723
356.3871	-0.9271417
356.7281	-0.6766714
357.069	-0.3831159
357.4099	0.1984085
357.7508	0.1988357
358.0917	0.5379584
358.4326	0.3653042
358.7735	-0.21396
359.1144	-0.1490964
359.4553	-0.454862
359.7961	-0.9436055
360.137	-1.054991
360.4778	0.01689091
360.8186	0.426622
361.1595	0.4323282
361.5003	0.2921702
361.8411	0.02734685
362.1819	0.3887422
362.5227	0.7837711
362.8635	0.3148071
363.2043	-0.4735827
363.545	-0.3660579
363.8858	0.4377185
364.2265	0.2230672
364.5673	0.1853014
364.908	-0.370263
365.2487	0.3955108
365.5894	0.3245641
365.9302	0.1323268
366.2709	-0.3493966
366.6116	0.06317355
366.9522	0.04604622
367.2929	-0.1833023
367.6336	-0.07544659
367.9743	0.8546637
368.3149	0.7894213
368.6556	0.191081
368.9962	-0.5321847
369.3368	0.008466824
369.6775	-0.05802853
370.0181	0.2235691
370.3587	0.1913839
370.6993	0.3172919
371.0399	-0.03693568
371.3804	-0.1254363
371.721	-0.3581884
372.0616	-0.5253434
372.4021	-0.181652
372.7427	0.2851098
373.0832	-0.1509846
373.4237	-0.3779459
373.7643	-0.6548814
374.1048	0.03341382
374.4453	0.1703238
374.7858	0.6556345
375.1263	-0.119693
375.4667	-0.7623703
375.8072	-0.1617868
376.1477	0.5722624
376.4881	0.5852459
376.8286	-0.339871
377.169	-0.3244538
377.5095	-0.1317026
377.8499	0.3679006
378.1903	0.4355523
378.5307	0.03728874
378.8711	0.1236993
379.2115	0.1617732
379.5519	0.01582914
379.8922	-0.09267235
380.2326	0.5939772
380.573	0.4273213
380.9133	0.05205799
381.2536	-0.05228075
381.594	0.2838424
381.9343	0.3535396
382.2746	0.3239529
382.6149	-0.2911453
382.9552	-0.292239
383.2955	0.2892959
383.6358	0.8011949
383.976	0.436904
384.3163	0.0799132
384.6566	-0.3704357
384.9968	-0.0987921
385.337	0.07826052
385.6773	0.3245483
386.0175	-0.04161461
386.3577	0.2389418
386.6979	0.121855
387.0381	0.1244851
387.3783	-0.05090182
387.7185	-0.3240267
388.0587	-0.9077907
388.3988	-0.7200724
388.739	-0.07158995
389.0791	0.4598005
389.4193	0.56876
389.7594	0.4264667
390.0995	0.02578763
390.4396	-0.07107703
390.7797	-0.02161031
391.1198	-0.2903094
391.4599	-0.5143567
391.8	0.2770702
392.14	0.8899518
392.4801	0.004470428
392.8201	-1.127161
393.1602	-0.7095767
393.5002	0.07759334
393.8402	0.01841588
394.1802	-0.5430894
394.5203	0.1818072
394.8603	0.2248828
395.2003	-0.0538153
395.5402	-0.7750589
395.8802	-0.07643486
396.2202	0.0252827
396.5601	-0.209786
396.9001	-0.2460913
397.24	0.1520187
397.58	0.4095646
397.9199	0.9474737
398.2598	0.3401056
398.5997	-0.4728962
398.9396	-1.02816
399.2795	0.1381642
399.6194	0.3830363
399.9592	0.3644445
400.2991	-0.2273989
400.6389	0.1123067
400.9788	0.2351782
401.3186	0.3815879
401.6584	0.006277212
401.9983	0.09660557
402.3381	-0.293272
402.6779	-0.4146284
403.0177	-0.4485608
403.3575	0.261427
403.6972	0.2287093
404.037	-0.03761461
404.3768	-0.4188962
404.7165	-0.3063763
405.0562	-0.1688335
405.396	0.3066494
405.7357	0.7014452
406.0754	0.1388792
406.4151	-0.07479787
406.7548	0.1392416
407.0945	0.461819
407.4342	0.3953202
407.7739	0.249705
408.1135	0.2500211
408.4532	0.2306393
408.7928	0.6389372
409.1325	0.2982636
409.4721	0.06896279
409.8117	-0.07762468
410.1513	0.4109935
410.4909	0.218967
410.8305	0.1609122
411.1701	0.02308697
411.5097	0.01911406
411.8492	0.05177846
412.1888	0.03210663
412.5284	0.1148761
412.8679	-0.2382959
413.2074	-0.5254344
413.5469	-0.3851027
413.8865	-0.03172312
414.226	0.1640232
414.5655	-0.2358464
414.9049	-0.4145384
415.2444	-0.122594
415.5839	0.07981484
415.9234	-0.001395441
416.2628	0.1296522
416.6023	0.6473469
416.9417	0.3103807
417.2811	-0.4145172
417.6205	-0.3688673
417.9599	-0.1697032
418.2993	-0.2616091
418.6387	-0.3591265
418.9781	0.04657547
419.3175	0.4708455
419.6569	0.5720251
419.9962	0.2418031
420.3355	0.5919394
420.6749	0.3164262
421.0142	-0.2536836
421.3535	-0.9988323
421.6928	-0.3570978
422.0321	-0.1062045
422.3714	0.0603166
422.7107	-0.4798252
423.05	-0.1733743
423.3893	0.1019759
423.7285	0.295092
424.0678	-0.3322049
424.407	-0.05681749
424.7462	-0.06539378
425.0854	0.1623039
425.4247	-0.114791
425.7639	-0.05236185
426.1031	-0.005930095
426.4423	0.3383372
426.7814	0.08484796
427.1206	0.07262857
427.4597	0.13844
427.7989	0.1589866
428.1381	-0.01339922
428.4772	0.130928
428.8163	-0.2943113
429.1554	-0.02465819
429.4945	-0.2678905
429.8336	0.05582495
430.1727	-0.5729731
430.5118	0.1270893
430.8509	-0.1741167
431.1899	0.4815039
431.529	0.04219692
431.868	0.05555936
432.207	0.08571997
432.5461	0.8864628
432.8851	0.9347352
433.2241	0.1759148
433.5631	-0.375221
433.9021	-0.07273827
434.2411	-0.09616011
434.58	-0.01864244
434.919	-0.09484714
435.2579	0.1340365
435.5969	0.1588202
435.9358	0.4209997
436.2747	0.292991
436.6136	0.2656839
436.9525	-0.06767712
437.2914	-0.1621041
437.6303	0.07804886
437.9692	0.3521223
438.3081	0.1936039
438.6469	0.07496015
438.9858	-0.04197629
439.3246	-0.6787923
439.6635	-0.58065
440.0023	-0.4247351
440.3411	-0.1204775
440.6799	-0.1919296
441.0187	-0.2853937
441.3575	-0.2550627
441.6963	-0.4150859
442.035	-0.6337783
442.3738	-0.68897
442.7126	0.1136222
443.0513	0.2308484
443.39	0.1194711
443.7288	0.2690057
444.0675	0.09906193
444.4062	-0.2822926
444.7449	-0.4406108
445.0836	0.4082882
445.4222	0.5502948
445.7609	0.7799681
446.0996	0.4842217
446.4382	0.2925286
446.7769	-0.3720277
447.1155	-0.4631643
447.4541	-0.3202422
447.7927	0.1029118
448.1313	0.01010609
448.4699	0.01426392
448.8085	0.19701
449.1471	0.0439817
449.4857	0.2184032
449.8242	-0.1181862
450.1628	0.3324712
450.5013	-0.01962259
450.8398	0.249611
451.1783	0.05141304
451.5169	-0.2308283
451.8554	-0.3337778
452.1938	-0.4172011
452.5323	0.2540359
452.8708	-0.007100653
453.2093	0.05818285
453.5477	-0.1508238
453.8862	0.3774215
454.2246	0.8967032
454.563	0.1883346
454.9015	-0.1552653
455.2399	-0.3667206
455.5783	-0.1871882
455.9167	-0.5677265
456.255	-0.9155979
456.5934	-0.8108547
456.9318	-0.2997483
457.2701	0.4342265
457.6085	0.1641489
457.9468	0.2922461
458.2852	0.5440449
458.6235	0.8338062
458.9618	0.4149221
459.3	0.2075834
459.6383	-0.1553253
459.9766	-0.1004082
460.3149	-0.08098441
460.6532	0.01658501
460.9914	0.2659305
461.3297	0.2085572
461.6679	-0.391682
462.0061	-0.9797744
462.3443	-0.4262828
462.6825	0.3526473
463.0207	0.7595359
463.3589	0.3069897
463.6971	-0.05123756
464.0352	-0.2266815
464.3734	0.2866406
464.7115	0.2458016
465.0497	0.2948057
465.3878	-0.04742718
465.7259	-0.1060614
466.064	0.1011017
466.4021	0.9670105
466.7402	0.6950859
467.0783	-0.1331907
467.4164	-0.06681741
467.7545	0.02049715
468.0925	-0.02612447
468.4305	-0.2909091
468.7686	-0.005376576
469.1066	-0.3051039
469.4446	-0.1942402
469.7826	0.07442715
470.1206	0.4019912
470.4586	0.5146416
470.7966	0.4790315
471.1346	0.3497732
471.4725	-0.1209028
471.8105	0.579223
472.1484	0.2803984
472.4863	0.2586653
472.8242	0.02381026
473.1621	0.8910301
473.5	0.3854043
473.838	0.01861098
474.1758	0.2457865
474.5137	0.6157395
474.8516	-0.04196935
475.1894	-0.9137455
475.5273	-0.1424011
475.8651	0.8121237
476.2029	0.2590021
476.5407	-0.5450661
476.8785	-0.3564678
477.2163	0.3848918
477.5541	0.0198147
477.8919	0.06338208
478.2296	0.2918156
478.5674	0.6632293
478.9052	0.03184072
479.2429	-0.1050255
479.5806	0.2752148
479.9183	0.3867494
480.256	-0.2645933
480.5938	-0.4788035
480.9314	-0.1971541
481.2691	0.2660546
481.6068	0.5537151
481.9445	0.4978416
482.2821	-0.2144176
482.6198	-0.5772033
482.9574	-0.1445752
483.295	0.2825834
483.6326	-0.2016392
483.9702	0.01127044
484.3078	0.3868644
484.6454	0.01730401
484.9829	-0.7642454
485.3205	-0.7945887
485.6581	0.2407455
485.9956	0.3811233
486.3332	0.5455291
486.6707	0.2732447
487.0082	0.3824435
487.3457	0.3168649
487.6832	0.5924494
488.0207	0.3640095
488.3582	0.02110495
488.6956	-0.3605402
489.0331	-0.3641188
489.3705	0.3117874
489.708	1.004862
490.0454	0.7770371
490.3828	0.06028967
490.7202	0.2370821
491.0576	0.4547095
491.395	0.4293103
491.7324	0.6207961
492.0698	1.048621
492.4071	0.929941
492.7445	0.6340516
493.0818	0.7138415
493.4191	0.7179685
493.7564	0.471252
494.0938	0.449846
494.4311	0.7934983
494.7683	1.059716
495.1057	0.9547429
495.4429	0.7166078
495.7802	0.8026831
496.1174	1.117204
496.4547	1.112192
496.7919	1.545782
497.1291	0.7555836
497.4663	0.1077454
497.8035	-0.4281962
498.1407	0.5650612
498.4779	0.712095
498.8151	1.695168
499.1523	1.848349
499.4894	1.831968
499.8265	1.567846
500.1637	1.34314
500.5008	1.232871
500.8379	1.437059
501.175	1.621741
501.5121	1.199105
501.8492	0.5378782
502.1863	1.044656
502.5233	1.59049
502.8604	1.91311
503.1974	1.248609
503.5345	1.385321
503.8715	1.843225
504.2085	2.045606
504.5455	1.911788
504.8825	1.574211
505.2195	0.8164892
505.5565	0.5758014
505.8934	1.662805
506.2304	2.694385
506.5673	2.380284
506.9043	1.721602
507.2412	1.202039
507.5781	0.9562545
507.915	1.389125
508.2519	2.178894
508.5888	2.497936
508.9257	2.092909
509.2625	1.845352
509.5994	1.786064
509.9362	2.224461
510.2731	2.685714
510.6099	3.306195
510.9467	3.544575
511.2835	3.957634
511.6203	3.623616
511.9571	2.910223
512.2939	2.269377
512.6306	1.735379
512.9674	1.856732
513.3041	1.49458
513.6409	2.408454
513.9776	2.263538
514.3143	2.814834
514.651	2.206526
514.9877	2.722421
515.3244	3.356893
515.6611	4.064634
515.9977	3.78436
516.3344	3.521827
516.671	3.486716
517.0076	3.430634
517.3443	3.604038
517.6809	3.734967
518.0175	2.831144
518.3541	2.00971
518.6907	1.651491
519.0273	1.953644
519.3638	2.654752
519.7004	2.830938
520.0369	2.534308
520.3735	2.68744
520.71	3.736264
521.0465	4.117341
521.383	4.274795
521.7195	3.813555
522.056	4.033404
522.3925	4.606726
522.7289	4.957901
523.0654	4.688729
523.4018	4.495306
523.7382	4.750021
524.0746	3.86334
524.4111	3.282945
524.7474	2.793583
525.0839	3.053276
525.4202	3.173552
525.7566	3.41276
526.093	3.786549
526.4293	3.402764
526.7656	3.538274
527.102	3.959355
527.4383	4.091241
527.7746	3.606488
528.1109	3.832757
528.4472	5.158864
528.7834	6.076509
529.1198	6.283793
529.456	5.689223
529.7922	5.648512
530.1285	5.680777
530.4647	5.389469
530.8009	4.630788
531.1371	4.105894
531.4733	3.765644
531.8095	3.381667
532.1457	3.508069
532.4819	3.386345
532.818	3.250734
533.1542	3.498386
533.4903	4.108171
533.8264	4.406192
534.1625	5.141554
534.4987	6.51279
534.8347	7.643213
535.1708	8.232881
535.5069	8.5534
535.843	8.385303
536.179	7.923446
536.515	8.054015
536.8511	7.592915
537.1871	6.684358
537.5231	4.975046
537.8591	4.384703
538.1951	4.352707
538.5311	4.626302
538.8671	4.479797
539.203	4.052682
539.5389	4.239534
539.8749	4.01272
540.2108	4.062139
540.5468	5.101117
540.8826	5.825756
541.2186	6.108559
541.5544	6.442821
541.8903	8.201582
542.2262	9.21349
542.562	9.042961
542.8979	8.367981
543.2337	8.398195
543.5695	8.266436
543.9053	7.545159
544.2411	6.355367
544.577	5.590956
544.9127	4.717074
545.2485	4.808133
545.5842	4.326262
545.92	3.801108
546.2557	4.094046
546.5915	5.23225
546.9272	5.202131
547.2629	5.197693
547.5986	6.45492
547.9343	7.315661
548.27	8.301589
548.6057	9.086897
548.9413	10.1064
549.2769	10.00518
549.6125	9.951028
549.9482	9.615458
550.2838	8.955443
550.6194	7.885968
550.955	6.389664
551.2906	5.268845
551.6262	4.824167
551.9617	4.845325
552.2973	4.726561
552.6328	4.127112
552.9683	4.685144
553.3039	4.756424
553.6394	4.928575
553.9749	4.406534
554.3104	4.724149
554.6459	5.225838
554.9813	6.639616
555.3168	8.39557
555.6522	8.612353
555.9877	9.129823
556.3231	9.271025
556.6585	9.832241
556.9939	9.697206
557.3293	9.433921
557.6647	8.08303
558.0001	6.570368
558.3354	5.998765
558.6708	6.140584
559.0061	5.940218
559.3414	5.426646
559.6768	4.699655
560.012	4.321763
560.3474	4.102008
560.6826	4.636434
561.0179	4.87341
561.3531	5.203538
561.6884	5.487002
562.0237	6.21854
562.3589	6.672562
562.6942	8.016566
563.0294	9.456273
563.3646	10.17488
563.6997	9.684468
564.0349	9.504753
564.3701	9.693383
564.7053	9.459757
565.0404	8.503223
565.3755	8.255626
565.7106	7.488538
566.0458	6.76184
566.3809	5.078256
566.7159	5.229765
567.051	5.442549
567.3861	5.850992
567.7212	5.300909
568.0562	5.264315
568.3913	5.351204
568.7263	5.220195
569.0613	5.717619
569.3964	6.440463
569.7313	7.45364
570.0663	7.828104
570.4013	8.592176
570.7363	9.079515
571.0712	9.750656
571.4062	9.782376
571.7411	10.13031
572.076	10.36849
572.4109	9.90227
572.7458	9.358662
573.0807	8.012041
573.4156	6.753562
573.7505	5.755001
574.0853	6.019027
574.4202	5.348751
574.755	4.708581
575.0898	4.33455
575.4246	4.418092
575.7595	4.345173
576.0942	4.709064
576.429	5.167596
576.7638	5.571766
577.0986	5.711897
577.4333	6.145169
577.7681	6.912525
578.1028	8.061872
578.4375	8.401085
578.7722	9.149657
579.1069	9.4587
579.4416	9.637234
579.7762	8.9258
580.1109	9.658772
580.4456	9.371634
580.7802	8.084633
581.1148	6.43069
581.4495	6.166213
581.7841	5.700994
582.1187	4.939099
582.4532	4.237337
582.7878	3.865031
583.1224	3.666227
583.4569	4.388423
583.7915	4.711953
584.126	5.201015
584.4605	5.015398
584.795	4.68716
585.1295	4.67324
585.4641	5.544789
585.7985	6.63055
586.133	7.513834
586.4674	8.209846
586.8019	8.708729
587.1363	8.885942
587.4707	8.861917
587.8051	8.770992
588.1395	8.814404
588.4739	8.06541
588.8083	7.738501
589.1427	6.852449
589.4771	5.713572
589.8114	4.318981
590.1457	5.260761
590.48	5.513114
590.8143	4.861792
591.1486	4.305647
591.4829	4.600565
591.8172	4.879065
592.1515	5.206786
592.4857	4.813118
592.82	4.330998
593.1542	4.40899
593.4885	5.191701
593.8226	5.428017
594.1569	5.60608
594.491	6.201399
594.8252	7.01903
595.1594	7.817403
595.4935	8.143622
595.8277	8.654655
596.1618	9.771449
596.496	9.579261
596.8301	8.604635
597.1642	7.492117
597.4982	7.039196
597.8323	6.267332
598.1664	5.598601
598.5005	4.6161
598.8345	4.125473
599.1685	3.850503
599.5026	4.249298
599.8365	4.393135
600.1706	4.756392
600.5046	4.800415
600.8386	4.547882
601.1725	4.709656
601.5065	4.776366
601.8404	5.362726
602.1744	5.041244
602.5083	5.228151
602.8422	4.627689
603.1761	5.439779
603.51	5.998461
603.8439	6.341036
604.1777	6.328568
604.5116	7.259582
604.8455	8.063122
605.1793	7.833334
605.5131	7.434982
605.8469	7.062326
606.1807	6.685325
606.5145	5.58072
606.8483	5.002614
607.182	4.596851
607.5158	4.850313
607.8495	4.790305
608.1833	5.338408
608.517	5.266298
608.8507	5.164491
609.1844	4.604492
609.5181	4.525377
609.8517	4.795693
610.1854	5.413326
610.5191	5.136618
610.8527	4.798502
611.1863	4.467505
611.52	5.733993
611.8536	6.249367
612.1872	5.970124
612.5208	4.793791
612.8544	5.502107
613.1879	6.508761
613.5215	7.00666
613.855	7.012572
614.1885	6.586201
614.522	7.036581
614.8555	6.812047
615.189	6.210224
615.5225	4.893535
615.856	4.674663
616.1895	5.041079
616.5229	5.297771
616.8564	4.885982
617.1898	4.368256
617.5232	4.338215
617.8566	5.150921
618.19	5.322626
618.5234	5.270015
618.8568	4.764431
619.1901	4.471014
619.5234	4.611732
619.8568	5.243362
620.1901	5.438657
620.5234	5.032323
620.8568	4.468884
621.19	4.551052
621.5233	4.949874
621.8566	5.538362
622.1898	5.254691
622.5231	5.482963
622.8563	6.269467
623.1895	7.061191
623.5228	7.381476
623.856	7.095708
624.1891	6.744784
624.5223	6.541683
624.8555	6.853168
625.1887	6.047378
625.5218	5.162914
625.8549	4.347779
626.188	4.335987
626.5211	4.55726
626.8542	5.352718
627.1873	5.020985
627.5204	4.833175
627.8535	5.55964
628.1865	6.378337
628.5195	6.027534
628.8525	5.362908
629.1856	6.316527
629.5186	6.382547
629.8516	6.331106
630.1846	5.596588
630.5175	5.181098
630.8505	4.806633
631.1834	5.181572
631.5164	6.011913
631.8493	6.495306
632.1822	7.213959
632.5151	6.696248
632.848	6.389033
633.1809	6.620224
633.5137	7.708171
633.8466	7.79691
634.1794	8.055951
634.5123	7.541155
634.8451	7.118652
635.1779	7.020707
635.5107	6.745692
635.8435	5.858345
636.1763	5.505965
636.509	6.325265
636.8418	6.690998
637.1745	6.769322
637.5073	7.211823
637.84	7.130176
638.1727	7.712554
638.5054	8.761769
638.838	10.22381
639.1707	10.5317
639.5034	10.48683
639.836	10.22238
640.1686	11.03277
640.5013	11.71149
640.8339	11.82106
641.1664	11.2185
641.499	11.69383
641.8316	12.23693
642.1642	12.67804
642.4968	13.29214
642.8293	14.18027
643.1618	15.50573
643.4943	16.49745
643.8268	16.36068
644.1593	15.10537
644.4918	14.61033
644.8243	14.92917
645.1567	15.17277
645.4892	14.28838
645.8216	13.95298
646.1541	14.93773
646.4865	15.86984
646.8188	17.5363
647.1512	20.02908
647.4836	22.86348
647.816	24.15426
648.1483	25.52606
648.4807	28.34941
648.813	31.65913
649.1453	34.98372
649.4776	35.97643
649.8099	35.54488
650.1422	37.52216
650.4745	41.85141
650.8068	44.36393
651.139	45.15326
651.4712	46.89279
651.8035	49.15267
652.1357	50.82953
652.4678	54.41095
652.8	58.4118
653.1322	60.355
653.4644	60.05888
653.7965	59.99227
654.1287	62.00123
654.4608	63.40803
654.7929	62.59779
655.125	60.5626
655.4571	61.03067
655.7892	61.24289
656.1213	62.54103
656.4533	63.00075
656.7854	69.00194
657.1174	76.37924
657.4494	82.29502
657.7814	85.05972
658.1135	91.33067
658.4454	102.0729
658.7774	114.5677
659.1094	125.0823
659.4413	134.0426
659.7733	142.9673
660.1052	148.97
660.4371	156.8483
660.769	170.1407
661.1009	185.7329
661.4327	195.6473
661.7646	205.7386
662.0965	216.3087
662.4283	227.2067
662.7602	232.3091
663.092	234.6906
663.4238	231.5508
663.7556	225.7325
664.0874	224.8941
664.4191	231.0127
664.7509	237.6938
665.0826	238.121
665.4144	239.5272
665.7461	236.0473
666.0778	228.7558
666.4095	228.5232
666.7412	238.4921
667.0729	246.3423
667.4045	255.1917
667.7362	268.7907
668.0679	281.2817
668.3995	299.8522
668.7311	321.6232
669.0627	342.059
669.3943	358.6484
669.7259	386.3559
670.0574	416.8298
670.389	429.1158
670.7205	443.5687
671.0521	468.9678
671.3836	502.373
671.7151	510.8691
672.0466	527.435
672.3781	559.9796
672.7095	596.0805
673.041	618.7861
673.3724	622.2608
673.7039	622.9753
674.0353	623.3354
674.3667	624.6725
674.6981	607.8103
675.0295	588.4526
675.3609	566.5292
675.6923	557.64
676.0236	548.2119
676.3549	536.2877
676.6863	530.5844
677.0176	527.2017
677.3489	520.3936
677.6802	513.9269
678.0115	531.2545
678.3427	525.9975
678.674	517.0004
679.0052	528.4646
679.3364	575.1655
679.6677	614.9227
679.9988	635.6462
680.3301	651.3971
680.6613	665.9791
680.9924	685.197
681.3235	696.0521
681.6547	711.3261
681.9858	725.8219
682.317	743.4886
682.6481	742.5792
682.9791	741.0585
683.3102	734.0836
683.6413	732.9086
683.9724	717.7208
684.3034	707.9429
684.6345	686.99
684.9655	677.8243
685.2965	663.6605
685.6275	641.7524
685.9584	612.7733
686.2894	584.9293
686.6204	564.5793
686.9514	537.4557
687.2823	515.2565
687.6132	502.1568
687.9441	502.0822
688.275	492.7542
688.6059	467.979
688.9368	445.2015
689.2676	439.2805
689.5985	438.6701
689.9293	435.4662
690.2601	435.1364
690.5909	444.448
690.9218	438.7085
691.2526	426.4069
691.5833	416.5225
691.9141	409.653
692.2449	397.7056
692.5756	393.9608
692.9063	396.7069
693.2371	386.4181
693.5677	374.5064
693.8984	363.4036
694.2291	356.7607
694.5598	340.8147
694.8904	326.4973
695.2211	306.3237
695.5517	288.1305
695.8823	271.3157
696.2129	260.2687
696.5435	240.1756
696.8741	222.9281
697.2047	205.2781
697.5352	193.8624
697.8658	174.3505
698.1963	157.3605
698.5268	139.0785
698.8573	125.4862
699.1878	114.083
699.5182	108.0563
699.8488	101.9667
700.1792	93.97682
700.5096	86.57616
700.8401	82.0485
701.1705	77.94074
701.5009	75.48698
701.8313	70.92072
702.1617	64.29019
702.4921	56.20145
702.8224	52.07362
703.1527	51.10106
703.4831	49.77315
703.8134	47.23431
704.1437	44.23029
704.474	41.55417
704.8043	39.01295
705.1345	37.67341
705.4648	36.70553
705.795	34.41208
706.1252	32.56063
706.4555	30.81342
706.7857	27.86694
707.1159	24.92949
707.446	22.59642
707.7762	21.06891
708.1064	18.53324
708.4365	17.33841
708.7667	16.1368
709.0968	15.75394
709.4269	14.39579
709.757	13.2218
710.087	11.9704
710.4171	10.71455
710.7472	9.16025
711.0772	9.045117
711.4073	8.325018
711.7373	7.865601
712.0673	7.297013
712.3973	7.399301
712.7272	6.134591
713.0573	5.547699
713.3872	5.539206
713.7171	6.035287
714.0471	5.616279
714.377	5.265349
714.7068	4.939513
715.0367	5.264754
715.3666	5.075716
715.6965	5.245706
716.0264	5.187446
716.3562	4.894091
716.686	3.788795
717.0159	3.383491
717.3456	3.310324
717.6754	2.990767
718.0052	2.990254
718.335	3.489177
718.6647	3.434102
718.9945	2.477952
719.3242	2.039206
719.6539	2.535092
719.9836	2.607214
720.3133	2.362907
720.643	2.292547
720.9727	2.242599
721.3023	1.776941
721.632	1.317096
721.9615	1.324901
722.2912	1.759019
722.6208	2.70955
722.9504	2.757745
723.28	1.664934
723.6095	1.092618
723.9391	1.360848
724.2686	1.709896
724.5981	1.187207
724.9276	1.082853
725.2571	1.185832
725.5866	1.214871
725.9161	1.317824
726.2455	1.457043
726.575	1.621246
726.9044	1.584163
727.2339	1.714046
727.5633	1.834782
727.8927	1.723282
728.222	1.845552
728.5515	1.250428
728.8808	0.9989337
729.2101	0.8739876
729.5395	1.318346
729.8688	1.041597
730.1981	1.347997
730.5274	1.281711
730.8567	1.238557
731.1859	1.082719
731.5152	1.706042
731.8444	0.6792173
732.1736	0.4270324
732.5029	0.8029273
732.8321	1.475486
733.1613	0.825797
733.4905	0.6897838
733.8196	1.121215
734.1488	1.134883
734.4779	1.182688
734.8071	1.012402
735.1362	1.06349
735.4653	0.9524951
735.7944	1.080617
736.1234	1.172053
736.4525	1.265382
736.7816	1.046112
737.1106	0.9476739
737.4396	0.9822955
737.7686	0.9001755
738.0976	0.6170192
738.4266	0.6325881
738.7556	1.009311
739.0845	1.513766
739.4135	1.523041
739.7424	0.7851218
740.0714	0.5604752
740.4003	1.06866
740.7291	1.232628
741.058	0.6030079
741.3869	0.5326989
741.7158	0.6658333
742.0446	0.7010105
742.3734	0.613948
742.7022	1.035905
743.0311	1.314935
743.3599	1.279024
743.6886	0.5591311
744.0174	0.9270621
744.3461	1.012664
744.6749	0.5369556
745.0036	-0.2664725
745.3323	0.8827337
745.661	1.388363
745.9897	0.9067718
746.3184	0.383002
746.647	0.8052977
746.9757	0.8300801
747.3043	1.071185
747.6329	0.7383222
747.9615	0.7236897
748.2902	0.5004294
748.6187	0.5995367
748.9473	-0.1131317
749.2759	0.345578
749.6044	0.977101
749.9329	1.294862
750.2615	0.6510189
750.59	0.4028544
750.9185	0.0718274
751.2469	0.3091742
751.5754	0.6071402
751.9039	0.697558
752.2323	0.6338415
752.5607	0.7929739
752.8891	0.7655749
753.2175	0.1951544
753.5459	0.1580138
753.8743	0.4057135
754.2026	0.7491844
754.531	1.029508
754.8593	1.717622
755.1877	1.536403
755.516	0.6940656
755.8442	0.3282157
756.1725	0.5378501
756.5008	0.6432998
756.829	0.418275
757.1573	0.5208116
757.4855	0.5243641
757.8138	0.4078682
758.142	0.4459987
758.4702	0.4757551
758.7983	0.5812677
759.1265	0.7566585
759.4547	1.317167
759.7828	1.08206
760.1109	0.8817382
760.439	0.1781925
760.7671	0.1403798
761.0952	-0.07056034
761.4233	0.1949357
761.7513	0.3609205
762.0793	0.3069753
762.4074	0.8944863
762.7354	1.052481
763.0634	1.477551
763.3914	0.6635746
763.7194	0.2566862
764.0474	-0.09492341
764.3753	-0.08435422
764.7032	-0.3220586
765.0312	-0.09291341
765.3591	0.5647236
765.687	1.206766
766.0149	1.144583
766.3428	1.049788
766.6706	0.9605934
766.9985	0.7994791
767.3263	0.7053006
767.6541	0.5684564
767.9819	0.6598883
768.3097	0.4933243
768.6375	0.5328897
768.9653	0.6060508
769.293	0.609338
769.6207	0.4785222
769.9485	0.5057424
770.2762	1.294118
770.6039	1.351142
770.9316	1.213819
771.2593	0.2602196
771.5869	0.05171064
771.9146	-0.2393961
772.2422	0.2129269
772.5698	0.1905335
772.8974	0.783464
773.225	0.3561074
773.5526	0.2879319
773.8801	0.3069662
774.2077	0.1120125
774.5353	-0.2679428
774.8628	0.4127777
775.1903	0.4950786
775.5178	0.3191199
775.8453	-0.2000365
776.1727	0.1546135
776.5002	-0.1230406
776.8276	0.6214953
777.1551	1.14746
777.4825	1.691616
777.8099	1.006726
778.1373	0.2738946
778.4647	-0.1367212
778.7921	0.4599045
779.1194	0.5213817
779.4467	0.2859256
779.774	0.1762032
780.1014	0.9827278
780.4286	0.9103076
780.756	0.2215005
781.0833	-0.08341425
781.4105	0.5923096
781.7377	0.4928142
782.0649	0.6606333
782.3922	0.6170294
782.7194	1.047309
783.0466	0.7661455
783.3737	1.012273
783.7009	0.6028437
784.0281	0.3711366
784.3552	0.1123839
784.6823	0.2188694
785.0094	0.3355491
785.3365	0.5166057
785.6636	0.4495814
785.9907	0.6687043
786.3177	0.5619558
786.6448	0.3440478
786.9718	-0.1991551
787.2988	0.251448
787.6258	0.09750566
787.9528	-0.2205181
788.2798	-0.3816695
788.6068	-0.1066687
788.9337	-0.1666967
789.2606	0.05339238
789.5875	0.2864029
789.9144	0.6621862
790.2413	0.4366956
790.5682	0.3387697
790.8951	-0.07613322
791.2219	-0.08698712
791.5488	-0.3529987
791.8756	0.5437158
792.2024	1.230393
792.5292	0.8294283
792.856	-0.6008669
793.1827	-0.1691676
793.5095	0.5085604
793.8362	0.8606172
794.163	0.186639
794.4897	0.3621823
794.8164	0.0574912
795.1431	-0.02707051
795.4698	-0.6035404
795.7964	0.1817405
796.123	0.3454601
796.4497	0.4813864
796.7763	0.1341243
797.1029	0.4930102
797.4295	0.5968153
797.7561	0.7989618
798.0826	0.9935666
798.4092	0.8207063
798.7358	0.3599167
799.0623	0.5302693
799.3888	0.8663042
799.7153	0.8587633
800.0417	0.469241
800.3682	0.7855144
800.6947	0.9747514
801.0211	0.9230131
801.3476	0.4358727
801.674	0.004688147
802.0004	0.2422805
802.3268	0.9857927
802.6531	0.9253033
802.9795	0.5257986
803.3058	0.3281761
803.6322	0.7421555
803.9585	0.8704018
804.2848	0.4632429
804.6111	-0.02119288
804.9374	0.05497644
805.2636	0.4389716
805.5899	0.7960145
805.9161	0.4188365
806.2423	-0.0609287
806.5685	-0.6361756
806.8947	-0.1463065
807.2209	0.3129628
807.5471	0.6789849
807.8732	0.1705897
808.1994	-0.04398962
808.5255	0.2100976
808.8516	0.3950107
809.1777	0.4015837
809.5038	0.6658371
809.8299	0.6720785
810.1559	-0.04129099
810.4819	-0.5293226
810.808	-0.007461258
811.134	0.2893226
811.46	0.3604805
811.786	-0.007517331
812.1119	0.0472988
812.4379	-0.3456943
812.7639	-0.3137291
813.0898	-0.3891345
813.4157	0.2836446
813.7416	0.6808941
814.0675	0.7559755
814.3934	0.01067016
814.7192	0.09819769
815.0451	0.4032699
815.3709	0.9497054
815.6968	1.14817
816.0226	1.140226
816.3483	0.6614094
816.6741	0.4807165
816.9999	0.7569463
817.3256	0.5185702
817.6514	0.2219223
817.9771	0.3481088
818.3028	0.544889
818.6285	0.633393
818.9542	0.4083171
819.2798	0.1894256
819.6055	-0.2056682
819.9312	-0.004260699
820.2568	0.4661368
820.5824	0.8367695
820.908	0.4601513
821.2336	-0.4331205
821.5591	-0.5109529
821.8847	0.1910948
822.2102	0.4979601
822.5358	-0.02325966
822.8613	-0.3111857
823.1868	-0.01955837
823.5123	0.2953484
823.8377	0.4804333
824.1631	0.4833804
824.4886	0.6689122
824.814	0.4524001
825.1395	0.3207813
825.4648	0.2222793
825.7902	0.4844814
826.1156	0.2346151
826.441	-0.0905982
826.7663	0.146491
827.0917	0.8534982
827.417	0.8416425
827.7422	0.4584908
828.0676	0.1559185
828.3928	0.3546684
828.7181	0.3595785
829.0433	0.2473902
829.3686	0.2142391
829.6938	0.3271509
830.019	0.2357926
830.3442	0.4218589
830.6694	0.4004313
830.9945	0.6358668
831.3196	0.02378093
831.6448	0.1833356
831.9699	0.2840881
832.295	0.9239175
832.6201	0.343174
832.9452	0.3519499
833.2703	0.529448
833.5953	0.6720165
833.9203	0.07965551
834.2454	-0.03270412
834.5704	-0.1690305
834.8953	0.3470847
835.2203	0.6880475
835.5453	1.148794
835.8702	0.4420543
836.1952	0.6722048
836.5201	0.584659
836.845	1.043864
837.1699	0.9636585
837.4948	1.362877
837.8196	0.6803772
838.1445	0.355132
838.4693	0.0001338589
838.7941	0.7965775
839.119	0.8522592
839.4437	0.9019061
839.7685	-0.1756685
840.0933	-0.4874974
840.418	-0.7098448
840.7427	0.1225815
841.0675	0.2817661
841.3922	0.3212672
841.7169	-0.1780509
842.0416	0.02438639
842.3662	-0.1899185
842.6909	-0.2533258
843.0155	0.1264039
843.3401	0.8589151
843.6647	0.4572209
843.9893	-0.1348201
844.3139	-0.07659139
844.6385	-0.02705841
844.963	-0.4126022
845.2876	-0.2915148
845.6121	0.4013028
845.9366	0.6622374
846.2611	0.1886194
846.5856	0.2841825
846.91	0.3968836
847.2345	0.6954328
847.5589	0.3235078
847.8834	0.3130702
848.2078	0.7560685
848.5322	1.257518
848.8565	1.106704
849.1809	0.4232931
849.5052	0.186386
849.8296	0.3171176
850.1539	0.03993943
850.4782	0.2429678
850.8025	0.4021979
851.1268	0.9876229
851.451	0.8760461
851.7753	0.5745816
852.0995	0.1661309
852.4237	0.2511662
852.7479	0.5138101
853.0721	0.5509217
853.3963	0.7932552
853.7205	1.159059
854.0446	1.130736
854.3688	0.3621128
854.6929	-0.0898136
855.017	-0.07342462
855.3411	0.2768259
855.6652	-0.2457505
855.9892	-0.8997778
856.3132	-1.292238
856.6373	-1.136565
856.9613	-0.7692342
857.2853	-0.4031571
857.6093	0.1301566
857.9333	-0.07622297
858.2573	0.1608375
858.5812	-0.00698554
858.9051	0.3222206
859.229	-0.5828911
859.5529	-0.1001844
859.8768	0.1350115
860.2007	0.2080516
860.5245	-0.4390479
860.8484	0.06757394
861.1722	-0.1253632
861.496	-0.3152515
861.8198	-0.0614401
862.1436	0.6746526
862.4674	0.1275461
862.7911	0.3451672
863.1149	0.5552684
863.4387	0.9137844
863.7623	0.6151873
864.0861	0.1664432
864.4097	-0.3457891
864.7334	-0.7739921
865.0571	-0.6150404
865.3807	-0.2801607
865.7043	-0.2250967
866.028	-0.2873
866.3516	-0.1790572
866.6751	0.2471
866.9987	-0.02610423
867.3223	-0.2154134
867.6458	-0.220637
867.9693	-0.1466395
868.2928	-0.2759355
868.6163	0.1638788
868.9398	0.6847139
869.2632	0.7475408
869.5867	0.3567283
869.9102	-0.08762874
870.2336	0.4789247
870.5569	0.2950421
870.8804	0.3455111
871.2037	0.4568531
871.5271	0.4192524
871.8505	-0.2318983
872.1738	-0.3209488
872.4971	0.8158588
872.8204	1.271577
873.1437	0.4676279
873.467	-0.3913356
873.7902	-0.09083055
874.1135	0.3516442
874.4367	0.2129266
874.7599	-0.3465979
875.0831	-0.09331466
875.4063	-0.01243652
875.7295	0.5368771
876.0527	0.2058074
876.3758	0.1381497
876.6989	-0.08782243
877.022	-0.2599239
877.3452	-0.4498659
877.6682	-0.1324119
877.9913	-0.0663189
878.3143	-0.3921059
878.6374	-0.3530013
878.9604	-0.1983244
879.2834	-0.3654405
879.6064	-0.1557011
879.9294	0.4089309
880.2524	0.4376597
880.5753	-0.2739187
880.8983	-0.2567529
881.2212	-0.5885556
881.5441	0.02293211
881.867	0.09734375
882.1899	0.4395626
882.5127	0.1202074
882.8356	0.5031103
883.1584	0.5848022
883.4812	1.110586
883.804	1.051086
884.1268	0.3238466
884.4496	-0.3082168
884.7723	-0.1462266
885.0951	-0.3680024
885.4178	-0.281339
885.7405	0.1969097
886.0632	0.8887629
886.3859	0.7362107
886.7086	0.1563952
887.0313	-0.1887147
887.3539	0.2925426
887.6765	0.6983976
887.9991	1.016224
888.3217	0.6350244
888.6443	0.6974261
888.9669	0.04746878
889.2894	0.4632474
889.6119	0.04736988
889.9345	-0.4651957
890.257	-1.031157
890.5795	-0.1111413
890.902	0.6902285
891.2244	0.611894
891.5469	-0.3693524
891.8693	-0.8907408
892.1917	-0.3561403
892.5141	0.4625136
892.8365	0.2265659
893.1589	-0.3715554
893.4813	-0.5159314
893.8036	-0.3513304
894.1259	-0.4225016
894.4482	-0.4266414
894.7705	-0.7859374
895.0928	-0.6831698
895.4151	-0.4131637
895.7373	0.09765694
896.0596	0.04490494
896.3818	0.3010988
896.704	0.72618
897.0262	0.6928712
897.3484	0.2798236
897.6705	0.2211389
897.9927	0.7004873
898.3148	0.5447605
898.6369	0.3093152
898.959	-0.1587916
899.2811	-0.217788
899.6032	-0.7123538
899.9252	-0.4038705
900.2473	0.001104016
900.5693	0.1535324
900.8914	-0.08308563
901.2133	-0.0971159
901.5353	0.3048673
901.8573	0.3422647
902.1793	0.1786849
902.5012	-0.1931354
902.8231	-0.07757712
903.145	0.1281868
903.4669	0.3452429
903.7888	0.1654811
904.1107	0.1791992
904.4325	-0.3630053
904.7543	0.06726683
905.0761	0.2565742
905.3979	0.4650937
905.7197	0.3470047
906.0415	0.7637193
906.3633	0.6143449
906.685	0.5333223
907.0067	0.53663
907.3284	0.3304999
907.6501	-0.07419969
907.9718	0.04238722
908.2935	-0.06006037
908.6151	0.4475778
908.9368	1.180713
909.2584	1.23891
909.58	0.5870623
909.9016	0.4807743
910.2231	0.5196042
910.5447	0.0281394
910.8663	0.2310878
911.1878	0.7079075
911.5093	0.6420532
911.8308	0.2801269
912.1523	0.5520831
912.4738	0.770156
912.7952	0.648762
913.1166	0.2170096
913.4381	0.1437672
913.7595	0.292416
914.0809	0.7708629
914.4023	0.8669041
914.7236	0.8424134
915.045	0.2302667
915.3663	-0.225221
915.6876	0.09533336
916.0089	0.3304912
916.3302	-0.09068117
916.6515	-0.7156335
916.9727	-0.3567084
917.294	-0.5974427
917.6152	-1.030785
917.9364	-0.3910227
918.2576	0.5935169
918.5788	0.4446341
918.9	-0.07639501
919.2211	0.1441464
919.5422	0.2858453
919.8633	0.5697398
920.1844	0.4307994
920.5056	0.3349448
920.8266	-0.01173368
921.1477	0.2256324
921.4688	-0.07431261
921.7897	0.02381779
922.1108	0.03330281
922.4318	0.04300269
922.7527	-0.2224698
923.0737	-0.3396451
923.3947	-0.5158664
923.7156	-0.3299235
924.0365	-0.539003
924.3574	-0.4962624
924.6783	-0.1748098
924.9991	0.4596425
925.32	-0.263821
925.6409	-0.7008546
925.9617	-0.09437548
926.2825	0.6483168
926.6033	0.1502614
926.9241	-0.5327236
927.2449	0.1942964
927.5656	0.752889
927.8864	0.85912
928.2071	0.4617407
928.5278	0.2623419
928.8484	-0.2175616
929.1691	-0.3648748
929.4898	-0.5528243
929.8104	-0.5503622
930.131	-0.3263379
930.4517	0.1146888
930.7723	0.267158
931.0928	0.6923246
931.4134	0.7172791
931.7339	0.352102
932.0545	-0.1121764
932.375	0.1559345
932.6956	0.3814059
933.016	0.8695928
933.3365	0.6426284
933.6569	0.8529412
933.9774	0.5933363
934.2978	0.4240043
934.6182	-0.02692787
934.9386	0.3781816
935.259	0.00986565
935.5793	-0.2609152
935.8997	-0.6374419
936.22	-0.04369267
936.5403	0.2757467
936.8607	0.4883431
937.181	0.2345863
937.5012	-0.5020499
937.8215	-0.5295264
938.1417	-0.7312201
938.462	-0.4565387
938.7822	-0.1304482
939.1024	0.7547584
939.4225	0.2788198
939.7427	-0.3278676
940.0629	-0.2620718
940.383	0.1251999
940.7031	0.3421941
941.0232	0.9457818
941.3433	0.6786208
941.6633	-0.7123759
941.9834	-0.9479195
942.3035	-0.06181839
942.6235	0.4457154
942.9435	0.3485221
943.2635	0.3483934
943.5834	-0.07353396
943.9034	-0.009396963
944.2233	0.1920294
944.5433	0.09652818
944.8632	-0.4246036
945.1831	-0.5239736
945.503	-0.08676571
945.8228	0.007385697
946.1427	-0.1031858
946.4625	-0.6060234
946.7823	-0.1677171
947.1022	0.1072781
947.4219	-0.0118517
947.7417	-0.1834711
948.0615	-0.4743868
948.3812	-0.3475958
948.7009	0.1730456
949.0206	0.2864545
949.3403	-0.563686
949.66	-1.001062
949.9797	-0.4514677
950.2993	-0.07498389
950.619	0.1413508
950.9386	-0.06716453
951.2582	-0.08479594
951.5778	0.2191488
951.8973	-0.0957176
952.2169	-0.3699406
952.5364	-0.1299108
952.856	0.6621047
953.1755	0.6030959
953.4949	0.2366359
953.8144	0.06322433
954.1339	0.1731264
954.4533	0.3020428
954.7728	0.4124766
955.0922	0.4811421
955.4116	0.1827775
955.731	-0.4659193
956.0503	-0.6429877
956.3696	-0.3263569
956.689	-0.29257
957.0083	-0.2256442
957.3276	-0.4931639
957.6469	-0.1904623
957.9662	0.1456001
958.2854	0.0753601
958.6047	-0.1220899
958.9239	-0.268074
959.2431	-0.07738935
959.5623	-0.0472762
959.8815	0.385441
960.2006	0.7252477
960.5198	0.5383588
960.8389	0.7058858
961.158	0.534727
961.4771	0.4918574
961.7961	-0.08441365
962.1152	0.009975583
962.4343	0.3818378
962.7533	0.6037624
963.0723	-0.3612309
963.3914	-0.7039342
963.7103	-0.1215384
964.0293	0.4831427
964.3483	-0.03537616
964.6672	-0.4247127
964.9861	-0.4043423
965.305	-0.3703108
965.6239	0.0731311
965.9427	0.4689823
966.2617	0.8026736
966.5804	-0.01439088
966.8993	-0.4253068
967.2181	-0.9130195
967.5369	-0.29378
967.8557	-0.5009283
968.1744	-0.4463572
968.4932	-0.5462114
968.8119	0.1519409
969.1306	-0.2472762
969.4493	-0.1986412
969.768	-0.2228404
970.0867	-0.1079175
970.4053	-0.5327278
970.724	0.2098135
971.0426	0.3454394
971.3612	-0.1656703
971.6797	-0.9114892
971.9984	-0.6434329
972.3169	0.01813657
972.6354	0.2885601
972.954	0.3063203
973.2725	0.3807814
973.5909	0.0855217
973.9094	-0.01132715
974.2279	0.01827219
974.5463	0.348153
974.8647	0.02772786
975.1832	-0.2760992
975.5016	-0.6275948
975.8199	-0.1027832
976.1383	0.6458849
976.4567	0.6171262
976.775	0.3903514
977.0933	0.935474
977.4116	1.232035
977.7299	0.325689
978.0482	-0.6252029
978.3664	-0.5207581
978.6846	-0.2997746
979.0029	-0.2458335
979.321	-0.6802972
979.6393	-0.5696505
979.9574	-0.5526184
980.2756	-0.3438746
980.5937	-0.3373939
980.9119	-0.07685594
981.2299	-0.4956495
981.548	-0.2523282
981.8661	-0.01147169
982.1841	0.3638921
982.5022	-0.1076764
982.8203	-0.03737033
983.1382	0.05814175
983.4562	-0.002671322
983.7742	-0.06772828
984.0922	-0.01041181
984.4101	0.2776277
984.728	0.3541062
985.046	0.5145724
985.3638	-0.145157
985.6818	-0.7147975
985.9996	-0.7057629
986.3174	0.1174944
986.6353	-0.1947144
986.9531	-0.09507664
987.2709	0.1623797
987.5887	0.383241
987.9064	-0.05897099
988.2242	0.0009275809
988.5419	0.3168933
988.8597	0.1561435
989.1774	0.05514951
989.4951	-0.3765483
989.8127	-0.01184188
990.1304	-0.1722228
990.448	-0.1858823
990.7656	-0.7914644
991.0833	-0.2384471
991.4008	-0.1706298
991.7184	0.0233591
992.0359	-0.2021879
992.3535	-0.05041795
992.671	-0.2975238
992.9885	-0.09265165
993.306	0.03367673
993.6235	0.4420837
993.9409	0.5999488
994.2584	0.207203
994.5758	-0.06056029
994.8932	0.1387191
995.2106	0.7383754
995.528	0.4140967
995.8453	0.1704586
996.1627	-0.01650801
996.48	0.4048322
996.7974	0.1686555
997.1146	0.1828267
997.4319	0.2387388
997.7491	0.006608171
998.0664	-0.007238952
998.3837	-0.2195546
998.7009	0.1558896
999.0181	-0.009329744
999.3353	0.4333742
999.6524	-0.4068452
999.9695	-0.2044006
1000.287	0.2094178
1000.604	0.5534429
1000.921	-0.05653536
1001.238	0.05851477
1001.555	0.4500018
1001.872	0.3638473
1002.189	-0.2328933
1002.506	-0.4585817
1002.823	-0.2856167
1003.14	0.01831684
1003.457	-0.1538526
1003.774	-0.1497156
1004.091	0.1666509
1004.408	-0.2413996
1004.725	-0.4666574
1005.042	-0.1351479
1005.359	0.5841896
1005.675	-0.2430104
1005.992	-0.6202929
1006.309	-0.3857818
1006.626	-0.07452819
1006.943	0.3389042
1007.259	0.2762566
1007.576	0.5664709
1007.893	-0.1719898
1008.21	-0.5734326
1008.526	-1.109603
1008.843	-0.02635772
1009.16	0.538833
1009.476	0.303956
1009.793	-0.3222016
1010.11	-0.09784032
1010.426	-0.0001129742
1010.743	-0.2598347
1011.059	-0.651974
1011.376	0.08709729
1011.693	-0.1302459
1012.009	-0.232988
1012.326	-0.9102523
1012.642	-0.1091379
1012.959	0.07767125
1013.275	0.3445043
1013.591	0.09175972
1013.908	0.06981737
1014.224	0.3052366
1014.541	0.1701218
1014.857	-0.222916
1015.173	-0.1800004
1015.49	-0.2646188
1015.806	0.06093976
1016.122	-0.09108078
1016.439	0.1890037
1016.755	-0.3294156
1017.071	-0.3413129
1017.387	-0.4165857
1017.704	-0.3486672
1018.02	-0.6324812
1018.336	-0.5213398
1018.652	-0.00233978
1018.968	0.182972
1019.285	0.2389927
1019.601	0.3543349
1019.917	0.7463359
1020.233	-0.02826501
1020.549	-0.5937641
1020.865	-0.7022797
1021.181	-0.2169978
1021.497	-0.2552458
1021.813	0.04849345
1022.129	0.274544
1022.445	0.3408519
1022.761	-0.169494
1023.077	0.3438777
1023.393	-0.0549547
1023.709	-0.5843798
1024.025	-0.6806431
1024.341	0.05695578
1024.656	0.2868234
1024.972	-0.02183984
1025.288	0.04496262
1025.604	0.3618161
1025.92	0.8562676
1026.235	0.6294329
1026.551	0.11048
1026.867	-0.3692165
1027.183	-0.04355169
1027.498	0.4305429
1027.814	0.4029775
1028.13	0.00375052
1028.445	0.1740701
1028.761	0.5074968
1029.077	0.2585353
1029.392	0.1666571
1029.708	0.09834959
1030.024	-0.04570453
1030.339	0.1844465
1030.655	-0.2012461
1030.97	-0.5304339
1031.286	-0.6012037
1031.601	-0.02146602
1031.917	0.01001515
1032.232	-0.06420069
1032.547	-0.2206817
1032.863	-0.1920853
1033.178	-0.07477219
1033.494	-0.1562747
1033.809	-0.3096128
1034.125	-0.4690944
1034.44	-0.02548603
1034.755	0.3095579
1035.07	0.1830849
1035.386	-0.3167703
1035.701	0.6175768
1036.016	0.8813455
1036.332	-0.03746032
1036.647	-1.063154
1036.962	-0.5834174
1037.277	-0.1080479
1037.592	0.04549017
1037.907	-0.1592232
1038.223	-0.3758577
1038.538	-0.3143176
1038.853	-0.4919727
1039.168	-0.182772
1039.483	-0.08322955
1039.798	-0.06415508
1040.113	-0.6295199
1040.428	-0.09665494
1040.743	0.03074251
1041.058	-0.04350036
1041.373	-0.3197472
1041.688	-0.2665285
1042.003	-0.5822406
1042.318	-0.5387593
1042.633	-0.3768943
1042.948	-0.1992688
1043.263	-0.3153103
1043.577	0.06973116
1043.892	-0.09497198
1044.207	-0.2174565
1044.522	-0.4534508
1044.837	0.2000193
1045.151	0.6379067
1045.466	0.7748714
1045.781	0.4357217
1046.096	0.09123714
1046.41	-0.4521604
1046.725	-0.5638718
1047.04	0.2311579
1047.354	0.5021318
1047.669	-0.3208843
1047.984	-0.7494746
1048.298	-0.01459807
1048.613	0.5019555
1048.927	-0.002333457
1049.242	-0.3849252
1049.556	-0.1022433
1049.871	0.2336228
1050.185	-0.4334654
1050.5	-0.6296654
1050.814	-0.5920711
1051.129	-0.7794321
1051.443	-1.252375
1051.758	-1.008902
1052.072	0.06500962
1052.386	0.7801323
1052.701	0.6594701
1053.015	-0.4722252
1053.329	-0.1958342
1053.644	0.0296185
1053.958	0.1014275
1054.272	-0.1658432
1054.587	0.1137101
1054.901	0.2552226
1055.215	0.2013401
1055.529	-0.06680562
1055.843	-0.1998561
1056.158	0.1095856
1056.472	0.2578428
1056.786	0.07522245
1057.1	-0.2636869
1057.414	-0.3298225
1057.728	-0.06661596
1058.042	0.2417096
1058.356	-0.01766533
1058.67	-0.2559912
1058.984	0.07204616
1059.298	0.1804043
1059.612	0.07191884
1059.926	-0.4169064
1060.24	-0.8190746
1060.554	-1.427526
1060.868	-1.060582
1061.182	-0.6182456
1061.496	0.2674142
1061.81	0.7669069
1062.124	0.8025915
1062.437	0.09214851
1062.751	-0.007331206
1063.065	0.05106812
1063.379	-0.1749504
1063.693	-0.3044196
1064.006	-0.3177219
1064.32	-0.2717789
1064.634	-0.8987109
1064.947	-0.7469596
1065.261	-0.6587703
1065.575	-0.1099782
1065.888	0.1532032
1066.202	0.5314621
1066.516	0.3370928
1066.829	0.1592025
1067.143	0.5115855
1067.456	0.6693938
1067.77	0.1418196
1068.083	-0.2095905
1068.397	-0.3438697
1068.71	0.1564444
1069.024	0.03960018
1069.337	0.4840127
1069.651	0.1968976
1069.964	0.3552005
1070.277	0.09671161
1070.591	0.1544342
1070.904	-0.07762131
1071.218	-0.01471719
1071.531	-0.001442719
1071.844	0.1493892
1072.157	0.3972236
1072.471	0.3206286
1072.784	-0.09973221
1073.097	-0.081894
1073.411	0.0728929
1073.724	0.4487426
1074.037	0.3060344
1074.35	0.3523415
1074.663	0.1115138
1074.976	0.5044477
1075.29	0.6232617
1075.603	0.670351
1075.916	0.6738578
1076.229	0.5863999
1076.542	0.426708
1076.855	0.4384228
1077.168	0.5140362
1077.481	0.8418615
1077.794	0.3766479
1078.107	0.2733141
1078.42	0.2696127
1078.733	1.00026
1079.046	0.8293155
1079.359	0.2049763
1079.671	-0.02008099
1079.984	0.1664175
1080.297	0.2517679
1080.61	-0.2535001
1080.923	-0.4970475
1081.235	-0.6964745
1081.548	-0.4297281
1081.861	-0.2959515
1082.174	-0.1013556
1082.486	-0.7551951
1082.799	-0.5812195
1083.112	-0.1193294
1083.425	0.1266076
1083.737	0.09015562
1084.05	0.0669542
1084.362	-0.07707016
1084.675	0.03588203
1084.988	0.6812214
1085.3	0.3548877
1085.613	-0.4341629
1085.925	-0.3668029
1086.238	0.2420787
1086.55	0.1306585
1086.863	-0.08654216
1087.175	0.284866
1087.488	0.2440912
1087.8	0.009055709
1088.112	0.1299884
1088.425	0.7211555
1088.737	0.2376112
1089.05	-0.1529257
1089.362	0.3692173
1089.674	0.5172128
1089.986	0.06588337
1090.299	-0.0909289
1090.611	0.08106297
1090.923	0.219785
1091.235	-0.1182341
1091.548	-0.03744247
1091.86	0.04542992
1092.172	-0.094381
1092.484	-0.5073568
1092.796	-0.4922719
1093.109	-0.117582
1093.421	-0.3337906
1093.733	-0.5408618
1094.045	-0.1550505
1094.357	0.01134657
1094.669	0.005471546
1094.981	-0.3367086
1095.293	-0.1998495
1095.605	-0.3054653
1095.917	-0.3816963
1096.229	-0.3409424
1096.541	-0.2415806
1096.853	-0.2708956
1097.165	-0.02842632
1097.476	0.1011994
1097.788	0.1328166
1098.1	-0.02774918
1098.412	-0.7648187
1098.724	-1.29723
1099.036	-0.7010177
1099.347	0.2366623
1099.659	-0.1630363
1099.971	-0.5295702
1100.282	-0.4393041
1100.594	0.1593429
1100.906	0.2338532
1101.218	0.3120265
1101.529	0.1969841
1101.841	0.1872847
1102.152	-0.6820531
1102.464	-0.8388212
1102.776	-0.4670901
1103.087	0.366515
1103.399	-0.03466052
1103.71	-0.08724444
1104.022	-0.2783939
1104.333	-0.07591653
1104.645	-0.3186665
1104.956	0.310656
1105.268	0.3267816
1105.579	0.4387113
1105.89	-0.4421062
1106.202	-0.2699696
1106.513	-0.3963481
1106.824	-0.2222502
1107.136	-0.5943785
1107.447	-0.02612762
1107.758	0.2281564
1108.07	0.3618732
1108.381	0.2342122
1108.692	0.7308007
1109.003	0.8163918
1109.315	0.695867
1109.626	0.1428918
1109.937	-0.3836291
1110.248	-0.5316901
1110.559	0.267205
1110.87	0.3524333
1111.181	-0.07144518
1111.492	-0.1498684
1111.804	0.3617984
1112.115	-0.01152498
1112.426	-0.6768743
1112.737	-0.5679889
1113.048	-0.5128601
1113.359	-0.2478618
1113.67	-0.1869372
1113.98	0.3507992
1114.291	0.1585816
1114.602	0.0326551
1114.913	-0.2438641
1115.224	-0.4466163
1115.535	-1.025258
1115.846	-1.321028
